ID,Pixels,ZDiscs,Centroid,Azi_[RAD],Ele_[RAD],Sph_[RAD],Azi_[DEG],Ele_[DEG],Sph_[DEG],PC1_ROT,PC2_ROT,PC3_ROT
842,217992,79,"[1177.1678089104187, 1648.6570975081654, 174.46791166648316]",-0.1481566866713426,0.1632683672619111,-0.1862483965062165,-8.488752852910068,9.354588372099409,-10.671247060885314,[-0.89381405 -0.00294998 -0.44842807],[-0.44842563 -0.00148001  0.89381892],[-3.30041484e-03  9.99994555e-01 -2.71917376e-09]
859,171381,62,"[1228.3039018327586, 1661.838138416744, 111.82187640403545]",-0.0709888635473667,0.2064708859041971,-0.1172337563771588,-4.067362273694215,11.829910354637658,-6.716999456876099,[-0.99009413 -0.01537113  0.13956124],[ 0.14032541 -0.14183058  0.97989432],[0.00473197 0.9897716  0.14258257]
948,95772,34,"[1316.3386898049534, 1905.9552583218476, 172.5461617174122]",-0.0181900719117349,0.2866611012614353,-0.0685650511070318,-1.0422143495818688,16.424471252852566,-3.928488050531712,[ 0.73599147 -0.00435286  0.67697682],[-0.67699082 -0.00471641  0.73597635],[1.06976677e-05 9.99979404e-01 6.41807584e-03]
949,100805,36,"[1341.1762710183027, 1980.7812013292992, 109.424810277268]",-0.1017207575625436,0.0196409459632426,-0.105708186057511,-5.828170097207192,1.1253433093383158,-6.056632921079036,[ 0.57770387 -0.39236211  0.71575849],[-0.81491635 -0.227205    0.53318781],[0.04657879 0.89130795 0.4509995 ]
959,211794,77,"[1365.4685685146887, 1518.6224869448615, 172.32945692512536]",-0.1436445257387335,0.1743417621696533,-0.1839208164070802,-8.230225074987757,9.989047165194696,-10.537886544726163,[-0.95939945 -0.00265629  0.28203835],[2.82037273e-01 7.80872002e-04 9.59403126e-01],[-2.76868692e-03  9.99996169e-01  3.46708995e-09]
977,204090,74,"[1422.1392277916605, 1572.1557058160615, 112.50977999902004]",-0.0348451539593015,0.1935778835886998,-0.0803742222071326,-1.9964802583515535,11.091195736707265,-4.6051037141153515,[-0.5473912  -0.13080142  0.82659172],[-0.8368516   0.09322745 -0.53943308],[0.00650242 0.98701551 0.16049325]
1034,6005,2,"[1414.7458784346377, 2075.207826810991, 180.01448792672772]",-0.0289321807505076,0.1603616899502646,-0.0707597251928509,-1.657691849113732,9.188048029735633,-4.054233613055878,[0.65441686 0.00257829 0.75612956],[-0.75612369 -0.00297899  0.65442195],[-3.93979217e-03  9.99992239e-01 -1.35477612e-09]
1059,61285,22,"[1529.9127192624624, 1867.3130129721792, 108.02888145549483]",0.0570283446018988,0.203988377401165,0.0094369994972808,3.267483458306472,11.687673094808575,0.5407002424612699,[-0.84010962  0.07728205 -0.53688296],[-0.54238887 -0.10967115  0.8329385 ],[0.00549063 0.99095899 0.13405271]
1061,42464,15,"[1498.6774679728712, 1871.8758948756595, 136.55637716654107]",0.0118598650970662,0.2882806863339632,-0.0385202593249554,0.6795202156564102,16.5172666420708,-2.2070482850693978,[-9.70021311e-01  8.96861374e-04 -2.43018212e-01],[-0.24301986 -0.00356446  0.97001476],[3.73971918e-06 9.99993249e-01 3.67556734e-03]
1062,143755,52,"[1514.0998295711454, 1338.8485896142743, 170.46333692741123]",0.1277563559673176,0.1295336065963812,0.0847958088688717,7.31990000289828,7.421728963080607,4.858441968584344,[0.20167394 0.00130954 0.97945184],[-0.97943119 -0.00635978  0.2016782 ],[-6.49319813e-03  9.99978924e-01 -5.82234206e-10]
1066,93946,34,"[1499.9051476380048, 1762.3987397015308, 182.62977668022054]",-0.0130705399145587,0.2441356991553546,-0.0624207558090688,-0.7488867730614999,13.987945190077395,-3.5764458618763584,[6.30200389e-01 3.19215614e-04 7.76432467e-01],[-7.76432363e-01 -3.93295943e-04  6.30200464e-01],[-5.06533675e-04  9.99999872e-01 -4.19789810e-09]
1067,33934,12,"[1489.3592267342488, 1306.4576236223256, 109.15612659869157]",0.1723052898046084,0.0967066006032381,0.1309760609585867,9.872365893582597,5.540880065622847,7.504375510175215,[-0.26940779 -0.00254702  0.96302282],[-0.96297979 -0.00910413 -0.26941983],[ 9.45369970e-03 -9.99955309e-01  2.76554544e-09]
1111,113429,41,"[1596.183753713777, 1451.55826993097, 124.65329853917429]",0.0618724334076778,0.2320279850496638,0.0127435909958778,3.5450293024641866,13.294224272270302,0.7301539799047205,[-0.56128882 -0.07345414  0.8243539 ],[-0.82761617  0.05284574 -0.55880122],[0.00251734 0.99589749 0.09045355]
1119,54580,19,"[1617.582172957127, 2230.1857823378527, 152.79428362037376]",0.1129479336012444,0.0158682227309111,0.085515629035013,6.471439900075168,0.909182190854766,4.899684626112652,[-0.99696839 -0.01892222  0.07547164],[0.07545805 0.00143218 0.99714795],[-1.89763396e-02  9.99819935e-01 -3.50789489e-09]
1125,65607,23,"[1612.3565168350938, 1142.9814958769643, 144.2273537884677]",0.2643507533646811,-0.0519707375100036,0.2336165290261159,15.146182478899972,-2.9777039175054476,13.385241137691942,[-0.53023559 -0.01562288  0.8477064 ],[0.84733868 0.02496602 0.5304657 ],[ 2.94512605e-02 -9.99566219e-01  1.84123129e-09]
1126,72409,26,"[1591.2421522186469, 1461.274178624204, 186.37398665911695]",0.0265947904249417,-0.0064709211380632,0.0126630258562461,1.5237692483840988,-0.3707564707730171,0.7255379374279372,[0.7167881  0.01537488 0.69712154],[-0.69696122 -0.0149496   0.71695297],[-2.14447616e-02  9.99770035e-01  2.94863599e-10]
1129,65529,23,"[1619.151734346625, 2112.127516061591, 194.18642127912833]",0.0349475825500391,-0.0332176879992023,0.0266198505968408,2.0023489843022872,-1.9032333275366575,1.525205090467786,[-0.16190039 -0.00415342  0.98679836],[-0.9864738  -0.02530719 -0.16195366],[-2.56457593e-02  9.99671095e-01  4.71712165e-09]
1140,68288,24,"[1644.4215381911902, 1163.2822018509842, 179.0664391986879]",0.1144609876908657,-0.0467036759818832,0.0986019049854493,6.558131513585479,-2.675923521508423,5.649473007616194,[0.31361111 0.00902566 0.94950861],[-0.94911563 -0.02731535  0.31374097],[-2.87678772e-02  9.99586118e-01  3.63718456e-09]
1148,18851,6,"[1634.7409156012943, 2205.457429314095, 174.2512864039043]",0.0267005946024077,0.1212997714512676,-0.0117972713582921,1.5298313812077424,6.949964960059109,-0.6759338586007075,[-0.97911546 -0.00677963  0.20319191],[0.20318703 0.00140691 0.97913893],[-6.92407607e-03  9.99976031e-01  4.84799555e-09]
1156,24418,8,"[1653.159431566877, 2282.395609796052, 132.31501351462038]",0.1175408196743998,0.0775874489165813,0.0806820755407642,6.734592887851377,4.4454333661069825,4.622742410841482,[-0.8456953  -0.00961628  0.53357941],[0.53354492 0.00606687 0.84574997],[-1.13701272e-02  9.99935358e-01 -1.20648249e-10]
1158,40342,14,"[1667.2687273808933, 1738.1109761538844, 141.69711466957514]",0.0864393889425922,0.2763325150461879,0.0361246286234915,4.952612170100323,15.832686854381889,2.0697887566035575,[-0.93653112  0.00770492 -0.35049977],[-0.35058442 -0.02015411  0.93631425],[1.50212827e-04 9.99767195e-01 2.15761588e-02]
1163,59949,21,"[1688.8119401491267, 1722.0018515738377, 112.85851306944235]",0.1292493612868792,0.2731659549656506,0.0789528426344029,7.405442906499744,15.651256326192495,4.523664663511838,[ 0.78358357 -0.01594591  0.62108174],[-0.62128636 -0.01974688  0.78333474],[2.26559859e-04 9.99677840e-01 2.53803019e-02]
1177,82993,30,"[1675.9473811044304, 1607.2390081091175, 189.25997373272443]",0.0698273770651489,0.1324932557433954,0.02832426781384,4.000814000301645,7.591304368044014,1.6228610035312698,[0.62501912 0.00385066 0.78059994],[-0.78058512 -0.00480908  0.62503098],[-6.16075413e-03  9.99981018e-01  2.32143765e-09]
1193,10024,3,"[1668.8540502793296, 1555.7540901835594, 112.47735434956105]",0.0347235747250129,0.1967374171288381,-0.01210504762905,1.989514281350381,11.272223673787217,-0.6935681399494129,[0.43019387 0.00091744 0.90273606],[-0.90273401 -0.00192518  0.43019485],[-2.13260784e-03  9.99997723e-01 -2.41594634e-09]
1196,115100,41,"[1727.8083666377063, 1272.6912337098177, 124.75980886185926]",0.0575572554017926,0.2655548585096717,0.0074073331141376,3.297787814879271,15.215172621797926,0.4244089248875866,[-0.55356678 -0.03208669  0.83218644],[-0.83280466  0.0218788  -0.55313444],[4.58985089e-04 9.99245594e-01 3.88333273e-02]
1213,73575,26,"[1735.3559497111792, 1290.126360856269, 181.5388379204893]",0.0174682428625092,-0.0445022003045652,0.0148257817576976,1.0008565915313028,-2.549788256497397,0.8494547226981268,[-0.88030544 -0.02394762 -0.47380254],[-0.47362731 -0.01288444  0.88063111],[-2.71936950e-02  9.99630182e-01  4.68760827e-09]
1229,52734,19,"[1781.4018090795312, 2062.283308681306, 156.63998558804568]",0.0839934522380234,0.0208820933622887,0.0581917109089865,4.812470319972405,1.196455817057295,3.3341394377303217,[-0.99770283 -0.01809179  0.06528215],[0.06527142 0.00118359 0.99786685],[-1.81304590e-02  9.99835632e-01 -4.92112753e-09]
1241,20361,7,"[1762.4918717155347, 1945.3213005255145, 183.8627768773636]",0.0360064736274847,0.0012105887194141,0.0191263917351189,2.063018974003981,0.069361624348577,1.095861523736218,[-0.64923233 -0.01328038  0.76047421],[0.76031516 0.01555263 0.64936814],[-2.04512225e-02  9.99790852e-01  4.28139687e-10]
1254,39324,14,"[1807.4195910894111, 1574.150111890957, 145.62719967449902]",0.1026442401345013,0.1585272464418116,0.0577463701853588,5.881081751034273,9.082942158946103,3.3086232938211566,[-0.972496   -0.0042195  -0.23288134],[-0.23287914 -0.00101043  0.97250515],[-4.33879317e-03  9.99990585e-01  3.96081276e-09]
1258,54189,19,"[1828.611046522357, 1558.1101330528336, 118.96741036003617]",0.0716955932105727,0.2326746522643392,0.0224956427290524,4.107854900652612,13.331275574420683,1.2889053858088673,[-0.82604393  0.052045   -0.56119759],[-0.56360031 -0.07191237  0.82291148],[0.00247139 0.99605218 0.08873536]
1266,19173,6,"[1804.3017263860638, 2033.4677410942472, 178.59182183278568]",0.0558499372799503,-0.03407570700161,0.0448239280874529,3.1999656922115065,-1.9523941951166464,2.568221900608961,[-0.99741063 -0.02600857  0.0670492 ],[0.06702642 0.00174779 0.99774967],[-2.60672360e-02  9.99660191e-01 -4.09357989e-09]
1267,85639,31,"[1825.5059260383703, 1431.2866334263595, 190.35520031761232]",0.091084637779693,0.1141068143689953,0.0509379534524202,5.21876532325426,6.5378388770261715,2.9185297498575196,[0.61437773 0.00475483 0.78899772],[-0.78897409 -0.00610607  0.61439613],[-7.73902123e-03  9.99970057e-01 -4.02321714e-09]
1268,23438,8,"[1812.7710982165713, 2109.3651335438176, 135.89666353784452]",0.1466267913144645,0.1891204768508406,0.0989763999677429,8.4010963058643,10.835805143054756,5.6709299895504515,[-0.90738748 -0.00233729  0.4202886 ],[0.42028719 0.0010826  0.90739049],[-2.57583640e-03  9.99996679e-01  4.07076854e-09]
1292,10969,3,"[1815.4339502233568, 1382.2441425836448, 107.3971191539794]",0.1243408668342334,0.1180568600267293,0.0825915281398883,7.12420689059978,6.764159822098307,4.7321459859515755,[-0.861162   -0.00641754 -0.5082901 ],[-0.50827598 -0.00378776  0.86118591],[-7.45197733e-03  9.99972229e-01 -2.03905768e-09]
1344,41198,15,"[1938.4355065779891, 1802.4393174425943, 182.15517743579787]",6.973932720333309e-05,-0.0542386619325203,0.0031955378214721,0.0039957691148373,-3.107646415170297,0.1830908304447902,[-0.99904847 -0.02845612 -0.03305145],[-3.30380578e-02 -9.41034473e-04  9.99453647e-01],[-2.84716818e-02  9.99594599e-01  4.85828279e-10]
1346,51444,18,"[1961.5852577560065, 1396.5213435969208, 122.40064924966954]",0.113065439100922,0.2113495200657009,0.0645790068596409,6.4781724692762594,12.10943550188017,3.700104538203817,[0.8110778  0.00126759 0.58493692],[-0.58493621 -0.00091417  0.81107878],[-1.56284518e-03  9.99998782e-01  2.02622181e-09]
1348,39380,14,"[1952.843346876587, 1416.8423565261553, 148.61543930929406]",0.0906811987451186,0.2222167421352969,0.0418346982283183,5.195649969282314,12.732081461499444,2.396951645686066,[-0.85927225 -0.00099411 -0.51151756],[-5.11517216e-01 -5.91783174e-04  8.59272820e-01],[-1.15692188e-03  9.99999324e-01  4.42382059e-09]
1431,50875,18,"[2098.4285601965603, 1704.058457002457, 159.67510565110564]",0.0368634317501568,-0.0073788362406595,0.0218883088171354,2.1121190576525493,-0.4227761743079732,1.254107715900851,[-0.99810051 -0.0216685   0.05767018],[0.0576566  0.0012517  0.99833569],[-2.17046288e-02  9.99764429e-01  1.89290749e-09]
1436,40754,14,"[2097.2022868920844, 1630.1131668057124, 182.3227167885361]",0.0764715261007218,-0.0940481360608188,0.0775543531267936,4.381495698495868,-5.388561267357044,4.443537117032491,[-0.99706155 -0.03702069 -0.06706515],[-0.06701896 -0.0024884   0.9977486 ],[-3.71042307e-02  9.99311402e-01 -1.21786079e-09]
1443,22102,8,"[2109.8199710433446, 1740.4638946701657, 138.01764546194914]",0.1189348004267798,0.1290143472170769,0.0762780735223664,6.814462101685237,7.391977592173888,4.370411682220194,[-0.94955028 -0.00619668  0.31355364],[0.31354696 0.00204618 0.94957049],[-6.52577479e-03  9.99978706e-01 -2.10156867e-09]
1549,85657,31,"[2303.547999579719, 1640.5753411863595, 100.16592922936829]",0.1785657018229254,0.0850721000617712,0.1381127532217612,10.23106108024514,4.874272287854122,7.913277856538784,[0.56820186 0.00603951 0.82286704],[-0.82282056 -0.0087459   0.56823396],[ 1.06285728e-02 -9.99943512e-01  1.82109812e-09]
