ID,Pixels,ZDiscs,Centroid,PC1,PC2,PC3,Azi_[RAD],Ele_[RAD],Sph_[RAD]
323,116499,42,"[418.49746349754076, 2471.3924153855396, 250.1337007184611]",[ 0.35912149  0.74401388 -0.56344929],[0.37849324 0.43574394 0.81662114],[ 0.85309708 -0.50652795 -0.12511921],2.106608913220197,-0.14562643258255334,0.5489036116108548
329,100838,36,"[377.3985898173308, 2410.929332196196, 194.37972788036257]",[-0.03142751 -0.30547038  0.9516828 ],[0.47134773 0.83510096 0.2836154 ],[ 0.88138733 -0.45748686 -0.11773762],2.0495700052380914,-0.1327960060202173,0.4920053206739184
335,60710,22,"[417.8574699390545, 2128.108977104266, 281.7388898039862]",[0.54715868 0.50345522 0.66869293],[-0.31259715 -0.61817854  0.72120615],[ 0.77646662 -0.60364571 -0.18086309],2.2316205719640503,-0.22885026743823061,0.6817571813405602
365,18669,6,"[442.5787669398468, 2390.6830039102256, 50.54962772510579]",[0.25817165 0.02378738 0.96580617],[ 0.28370514  0.95375326 -0.09932833],[ 0.92350354 -0.29964793 -0.23948345],1.8845475485003391,-0.2537315295164744,0.3936804282146765
383,18596,6,"[468.50231232523123, 2349.9804258980425, 135.69590234459022]",[-0.2117937  -0.41145261  0.88648191],[0.40617346 0.78795517 0.46276318],[ 8.88913128e-01 -4.58075752e-01 -2.37192718e-04],2.046625608971687,-0.0002668345246836994,0.4758293367644791
392,3272,1,"[460.0366748166259, 2388.7802567237163, 70.56662591687042]",[ 0.34377215  0.83205633 -0.43531939],[0.53094518 0.21013739 0.82093818],[ 0.77454369 -0.51334641 -0.36953692],2.1560982634487282,-0.44516258882712184,0.6848029702588235
400,85167,31,"[589.5715241819014, 2375.0751817018327, 14.871851773574273]",[0.55740644 0.79324703 0.24506574],[ 0.05378564 -0.32905625  0.94277733],[ 0.82849573 -0.51232913 -0.22608337],2.1246244702916144,-0.2663980834731015,0.5943802322123588
412,7045,2,"[492.26160397444994, 2455.754009936125, 96.13356990773599]",[-0.17927918 -0.00126145  0.98379743],[0.59928492 0.79291105 0.11022546],[ 0.7802029  -0.60933609  0.14139647],2.233842169592909,-0.17928445476457036,0.6758062123175319
419,300379,109,"[560.2665266213684, 2297.4282090292595, 234.603417682328]",[0.08001775 0.1364665  0.98740774],[ 0.48517616  0.85999124 -0.15817447],[ 0.87074753 -0.49172346 -0.00260428],2.0848661690408976,-0.002990844243068395,0.5140758472657092
429,39088,14,"[525.3685785918952, 2523.393982808023, 110.19097932869423]",[-0.05260128 -0.57638432  0.81548404],[0.45976378 0.71093967 0.53214853],[ 0.88648202 -0.40292171 -0.2276043 ],1.9974007654165482,-0.251321484291134,0.4811095221388316
444,227734,82,"[608.5848050796104, 2236.065651154417, 90.98734488482177]",[ 0.09483431 -0.02063027  0.99527928],[ 0.61536213  0.78710771 -0.04231898],[ 0.78251895 -0.61647047 -0.0873399 ],2.2380554571106286,-0.11115373299921373,0.6720950528270886
449,2840,1,"[552.9947183098592, 2485.4158450704226, 131.67676056338027]",[ 0.5191888   0.8161186  -0.25375859],[ 0.72003234 -0.25772524  0.6443067 ],[-0.46043069  0.51723122  0.72143984],2.4142275893207823,-1.0027534733226457,1.092316012846538
464,56625,20,"[594.7952671081678, 2396.2405651214126, 180.3268344370861]",[-0.0219104  -0.29980119  0.95375006],[0.54343186 0.79716888 0.26306576],[ 0.8391673  -0.52406204 -0.14545522],2.1290377826009674,-0.17162755933077878,0.5750459785149136
466,98380,35,"[662.5842346005286, 2412.756413905265, 52.93070746086603]",[0.49595732 0.74176714 0.45145083],[-0.02963234 -0.50513662  0.86253053],[ 0.86784115 -0.44115587 -0.22854591],2.041091367935173,-0.25750330278043065,0.5199557791462992
470,7473,2,"[601.0321156162183, 2410.8279138230964, 3.904723671885454]",[0.50671971 0.80595799 0.30605041],[-0.06684009 -0.31720519  0.94599856],[ 0.85951587 -0.49981255 -0.10686382],2.0975053477397263,-0.1236954845177077,0.5364746166289958
484,9013,3,"[607.0621324753134, 2396.8475535337843, 216.11461222678352]",[0.13837789 0.04981033 0.98912612],[ 0.60678478  0.7850676  -0.12442303],[ 0.78272842 -0.61740408 -0.07841185],2.238661062717199,-0.09984448189410208,0.6717585442228885
490,16090,5,"[632.633374766936, 2472.8537600994405, 140.78570540708515]",[-0.37249109 -0.47253952  0.79872197],[0.42774304 0.67636845 0.59963456],[ 0.82358137 -0.5650063   0.04981573],2.1720887292134377,-0.060413111149517744,0.6030998032912681
491,50537,18,"[671.749569622257, 2540.776718048163, 284.87458693630407]",[ 0.42981189  0.64052674 -0.63638607],[0.45973773 0.45135768 0.76479897],[ 0.77711193 -0.62129038 -0.10047541],2.245223989019995,-0.1285800457785416,0.6807324809912602
493,240732,87,"[696.0599961783228, 2104.934894405397, 216.90187428343552]",[0.15492212 0.1445011  0.97730168],[ 0.539927    0.81605171 -0.2062485 ],[ 0.82733184 -0.55962402 -0.04840441],2.1655210583014686,-0.05844002879609652,0.5964554359037022
495,61223,22,"[655.3387125753393, 2478.9245871649546, 211.76271989285073]",[-0.19795523 -0.32247573  0.92564741],[0.58088909 0.72205355 0.37577459],[ 0.78954518 -0.61208503 -0.04438836],2.230254754520638,-0.05616104520497481,0.6607288027543387
497,111846,40,"[678.9654524971836, 2564.5245426747492, 163.13025052304062]",[-0.14262309 -0.35968792  0.92210805],[0.5803593  0.72428294 0.37228659],[ 0.80177412 -0.58825065 -0.10544876],2.2037746244941436,-0.13076875030888907,0.6405383925872301
502,4655,1,"[668.5991407089151, 2099.3744360902256, 1.9535982814178303]",[0.65859073 0.71520417 0.23396848],[ 0.24283244 -0.4962808   0.83350931],[ 0.7122434  -0.49212637 -0.50052071],2.1754243113947287,-0.6125613767856665,0.7781072454538227
515,41814,15,"[679.9227770603147, 2549.4884249294496, 251.77722772277227]",[0.26855291 0.21980379 0.9378516 ],[ 0.49824014  0.80156402 -0.33053272],[ 0.82440045 -0.55604084 -0.10574728],2.1641880273845104,-0.12757508970985348,0.6016542127262137
524,37951,13,"[701.9179204764038, 2629.3702932729047, 14.194434929250876]",[ 0.32725476 -0.0744692   0.94199717],[ 0.51974517  0.84673166 -0.11362417],[ 0.78915733 -0.52678252 -0.31580197],2.159393171198121,-0.38065825697744854,0.661360546862492
529,225812,82,"[756.5495279258853, 2085.036007829522, 93.98101075230723]",[ 0.0626428  -0.00456704  0.99802556],[ 0.65183173  0.75743851 -0.03744725],[ 0.75577197 -0.65289053 -0.05042501],2.283289094981371,-0.06662113388758817,0.7139641290134784
533,43804,15,"[707.5928910601772, 2402.8452424436123, 103.69427449547986]",[ 0.06027903 -0.42347007  0.9039024 ],[0.61044889 0.73210735 0.30227631],[ 0.78975856 -0.5335653  -0.30263755],2.1649619076180664,-0.36594254640862667,0.6603810229204132
539,37669,13,"[712.0972152167565, 2588.590299715947, 102.44017627226631]",[0.24613933 0.47837786 0.84295317],[ 0.50458632  0.67931215 -0.53284862],[ 0.82753131 -0.55649764  0.07417749],2.1628122457323906,-0.08939815297369245,0.5961002254458521
543,50312,18,"[729.4425584353634, 2728.6771346795995, 235.1500238511687]",[-0.30657008 -0.58037346  0.75444114],[0.51590068 0.56477643 0.64410718],[ 0.79991329 -0.58668069 -0.12627151],2.203608253437833,-0.1565645653688998,0.6436456107756646
544,62760,22,"[762.0732950924156, 2213.575621414914, 280.78573932441043]",[ 0.46903525  0.73576545 -0.48852343],[0.38932519 0.32424685 0.86214261],[ 0.79273692 -0.59456975 -0.13436882],2.21431120641006,-0.16790405049534327,0.6555103757260226
545,56445,20,"[738.7123394454779, 2212.9709628842234, 180.3646735760475]",[-0.10033457 -0.4108231   0.90617733],[0.60668385 0.69660401 0.38298506],[ 0.78858587 -0.58818979 -0.17934628],2.211654899404947,-0.22362396741533225,0.662290409746789
548,135918,49,"[776.3724598655072, 2222.55343663091, 26.271229712032255]",[ 0.42319489  0.78625307 -0.45023571],[0.41015181 0.27684825 0.86898247],[ 0.8078871  -0.55241394 -0.20532235],2.1705506172723066,-0.24887821259093362,0.6302382815187908
551,49146,17,"[725.3044805274081, 2572.1657713750865, 58.5781955805152]",[ 0.02414639 -0.05151176  0.99838043],[0.57143901 0.82014967 0.02849532],[ 0.82028922 -0.56982547 -0.04923948],2.1779321573152286,-0.059955032308155826,0.6088798083419904
552,134800,49,"[770.7624777448071, 2775.970578635015, 266.62433234421366]",[-0.17352895 -0.55622697  0.81271106],[0.45932536 0.6842659  0.56639244],[ 0.87115321 -0.47158428 -0.13674922],2.066961337409982,-0.15570431874995283,0.5132502346386455
555,46770,17,"[750.5816121445371, 2652.2551635663885, 192.18890314304042]",[-0.40642482 -0.61638947  0.67445006],[0.4291621  0.5228849  0.73648576],[ 0.80662182 -0.5887745  -0.0520176 ],2.201326018443917,-0.06439903652319641,0.6323820933198893
568,28062,10,"[750.5791105409451, 2810.9206400114035, 204.05566246169198]",[ 0.23907538 -0.09119058  0.96670949],[ 0.54829479  0.83434765 -0.05689314],[ 0.80138367 -0.54364352 -0.24947131],2.166865125100552,-0.30179190404523176,0.6411914332136213
572,30388,11,"[780.8466499934185, 2879.1582861655916, 224.97426615769382]",[0.56307837 0.82100492 0.09430625],[ 0.12138867 -0.19504775  0.97325288],[ 0.81743962 -0.53656993 -0.20948787],2.15165971345273,-0.25087408071684153,0.6138444193060917
577,11214,4,"[754.1346531121812, 2211.726859283039, 215.47458533975387]",[0.19450809 0.14372696 0.97031395],[ 0.60306994  0.76263885 -0.23385601],[ 0.77361052 -0.63065407 -0.06166202],2.25474234187777,-0.07953864248096214,0.6862769492249917
584,16765,6,"[767.558186698479, 2289.0416940053683, 143.06579182821355]",[-0.42980371 -0.4972583   0.75365971],[0.45450861 0.60207855 0.65644752],[ 0.78018632 -0.62468841  0.03276741],2.245958656650565,-0.04197480052414224,0.6758327144814894
588,104193,37,"[808.7291276765234, 1902.9268760857256, 170.83658211204207]",[-0.11523231 -0.34901564  0.93000516],[0.68710793 0.64811977 0.32836481],[ 0.71735919 -0.67685216 -0.16512708],2.3271489345891516,-0.2262464087606456,0.7707918784074786
601,55753,20,"[809.5414417161409, 2297.871002457267, 215.22843613796567]",[-0.28735456 -0.43331326  0.85420546],[0.62085157 0.59483836 0.51059833],[ 0.7293632  -0.67705756 -0.0980937 ],2.3190210192665264,-0.13369003310477362,0.7534056577837553
604,221178,80,"[882.5786741900189, 1912.5811608749514, 95.73990631979673]",[-0.01117796  0.00785508  0.99990667],[0.62996332 0.77662432 0.00094135],[ 0.77654444 -0.62991505  0.01362948],2.252315500870332,-0.017549652314984433,0.6816336733395394
605,8401,3,"[795.1012974645876, 2650.8259730984405, 168.83228187120582]",[0.347815   0.64034107 0.68482701],[-0.54901404 -0.4529972   0.70240809],[ 0.76000546 -0.62028772  0.19399701],2.255314856311863,-0.2499206453687105,0.7074748033353853
606,49778,18,"[837.6491421913295, 2379.283498734381, 286.378279561252]",[ 0.4765755   0.64657954 -0.59565988],[0.45359626 0.39955359 0.79662247],[ 0.75307783 -0.64983984 -0.10286861],2.282738831775729,-0.13575738496077827,0.7180686411667855
607,119737,43,"[829.860427436799, 2388.4719176194494, 165.04794674996032]",[-0.15376414 -0.40474566  0.90140864],[0.60531952 0.6824541  0.40968852],[ 0.78098967 -0.60863565 -0.14006348],2.232795540669012,-0.1774545595808842,0.6745474438122466
610,5506,2,"[798.7317471848892, 2320.3505266981474, 3.0915365056302218]",[0.69537681 0.55591674 0.45542031],[-0.14292395  0.72804209 -0.67046809],[ 0.70428959 -0.4011375  -0.5857174 ],2.088535173695937,-0.6937397821639898,0.7893743726158385
611,133829,48,"[869.0853028865193, 1957.9236712521201, 239.9295145297357]",[0.41466554 0.52339837 0.74438339],[-0.44586757 -0.59623923  0.66760834],[ 0.7932557  -0.60873058 -0.0138735 ],2.2253297695955028,-0.017487534153283586,0.654658848015976
612,3456,1,"[791.7702546296297, 2276.4950810185187, 194.56076388888889]",[ 0.57280802  0.81208433 -0.11140022],[ 0.31610559 -0.09345554  0.9441098 ],[ 0.75628581 -0.5760079  -0.31023648],2.2216974524130486,-0.3892775356057367,0.7131790861626506
633,30933,11,"[824.7474541751527, 2925.217373032037, 269.02592700352375]",[-0.07151197 -0.58888174  0.80504928],[0.4894273 0.6825537 0.5427535],[ 0.86910699 -0.43282647 -0.23940404],2.0328529723136937,-0.2687936413051033,0.5174023208600654
634,45244,16,"[842.9388648218548, 2373.236384935019, 253.85186986119706]",[0.23263818 0.10908037 0.9664269 ],[ 0.52117539  0.82498603 -0.21857326],[ 0.82113074 -0.5545264  -0.13507325],2.164766124445564,-0.1630365621039638,0.6074069442886771
635,4767,1,"[823.0866372980911, 2207.061883784351, 67.02978812670443]",[ 0.43694677  0.84121621 -0.31848518],[0.41174118 0.12774493 0.90230285],[ 0.79971665 -0.52539178 -0.29054562],2.1520574695506873,-0.3484833481379854,0.6439732140488957
639,40158,14,"[868.0369540315753, 2429.5720653418994, 109.8435181034912]",[0.61846107 0.69109046 0.37403193],[-0.27272339 -0.25762619  0.92695777],[ 0.73697209 -0.67529454  0.02914477],2.3125494905160124,-0.03952604110846408,0.7422166442218189
642,9932,3,"[838.6004832863472, 2928.6603906564637, 290.06222311719694]",[0.38886408 0.05829195 0.91944917],[ 0.39965156  0.88853404 -0.22535723],[ 0.8300984  -0.45509263 -0.32222251],2.072286805735071,-0.37027004786517714,0.5915121986172356
644,35021,12,"[856.7725650324091, 2315.8711630164757, 54.258644813112134]",[-0.17210054 -0.63264002  0.75508146],[0.55660295 0.56997835 0.60441529],[ 0.81275738 -0.52430076 -0.25403572],2.143711352570616,-0.3029398331784446,0.6219268446982181
645,29563,10,"[863.8917904136928, 2454.3354192740926, 9.52498055001184]",[ 0.25036835 -0.15701538  0.95533338],[ 0.57617955  0.81715257 -0.01669742],[ 0.77803138 -0.55462406 -0.29505819],2.1900982323451212,-0.3624800097648876,0.6792702465495275
648,41356,15,"[861.4332382241996, 2264.0028774542993, 89.53885772318407]",[-0.07897458 -0.51329601  0.8545702 ],[0.59384626 0.66431897 0.4539019 ],[ 0.80069322 -0.54333002 -0.25235461],2.166997589158203,-0.3053156128352971,0.6423448461234668
653,79744,29,"[907.9108522271268, 1639.5012289325844, 277.9801489767255]",[0.3138516  0.00957156 0.9494238 ],[ 0.62745122  0.74839587 -0.21496184],[ 0.71260238 -0.66318324 -0.22887955],2.320289258814431,-0.3107804973705859,0.7775957002012988
654,58608,21,"[889.2779825279825, 2044.1778426153426, 177.83930521430523]",[-0.18045319 -0.50918772  0.84152511],[0.55542557 0.65334873 0.51442965],[ 0.81175063 -0.56023504 -0.16491702],2.174885372933193,-0.20043424669204257,0.6236527968786136
659,269918,98,"[973.1996865714773, 2109.209634037004, 35.29824613401107]",[-0.01650041 -0.36721697  0.92998894],[0.51612141 0.7934908  0.32247641],[ 0.85635649 -0.48530819 -0.17643562],2.0863802643441014,-0.20318740551243725,0.5426242939982332
660,107240,39,"[962.0899571055576, 2120.6705893323387, 268.67826370757183]",[ 0.39723378  0.7169589  -0.57286583],[0.4440006  0.39616517 0.80368938],[ 0.80316175 -0.57360534 -0.16095999],2.190978520738618,-0.19778777952992915,0.6382128638611683
661,48103,17,"[905.1430472111927, 2484.4324678294493, 193.99407521360413]",[ 0.44967331  0.67473869 -0.58525346],[0.37578506 0.4515086  0.80927472],[ 0.81029593 -0.58383875 -0.05052535],2.195165275355535,-0.06227356716307065,0.6261393990496499
662,48808,17,"[891.1467382396329, 2415.48938698574, 65.9461973446976]",[-0.09616211 -0.07858371  0.99225876],[0.65492333 0.74569605 0.12252688],[ 0.74955205 -0.66163585  0.0202414 ],2.2939754740817295,-0.026998098577374532,0.7234112184656197
665,83306,30,"[927.429524884162, 2619.151177586248, 238.06189230067463]",[ 0.45859675  0.88863314 -0.00449089],[ 0.13368604 -0.06399344  0.98895545],[ 0.87853119 -0.45413213 -0.14814503],2.0478897323323366,-0.16705647446448246,0.49801771703642217
670,9552,3,"[904.5843802345058, 2887.763609715243, 4.234087102177554]",[0.69319894 0.67144046 0.26199798],[ 0.05171675 -0.4089097   0.91110824],[ 0.71888846 -0.61802958 -0.31818049],2.280895794720525,-0.41668360775060276,0.7685943884035634
674,7538,2,"[892.8542053595118, 2031.3352348102944, 205.750596975325]",[ 0.54490487  0.7650212  -0.343251  ],[0.28747685 0.2141046  0.93355036],[ 0.78767744 -0.60737285 -0.10325925],2.2276610873739267,-0.13035000444961053,0.6637663246539244
675,109646,39,"[933.3388176495266, 2586.1063878299256, 273.54749831275194]",[-0.04998887 -0.29109474  0.95538734],[0.59038746 0.76294731 0.26335156],[ 0.80557046 -0.57721335 -0.13371981],2.1925286362417427,-0.16449405738342285,0.6341586917948626
677,4331,1,"[899.029785268991, 2039.9822211960286, 216.64904179173402]",[-0.06077242 -0.1528326   0.98638173],[0.74723852 0.64821284 0.14647427],[-0.66177134  0.74596401  0.07480894],2.4159305056126548,-0.11256562307084968,0.8476173024443547
684,71997,26,"[953.5437587677264, 2112.4949095101183, 218.83677097656846]",[-0.34864664 -0.51182578  0.78516234],[0.56519901 0.55345134 0.61175297],[ 0.74766009 -0.65705859 -0.09632448],2.2917857394615497,-0.12812878444632297,0.7262648052837775
685,15522,5,"[917.1434737791521, 2116.6291070738307, 145.62633681226646]",[-0.41446404 -0.53827009  0.73381529],[0.50920785 0.53113409 0.67720303],[ 0.75427245 -0.65434081 -0.05395538],2.285369871143783,-0.07141136887713577,0.7162510369996025
686,24006,8,"[928.8886111805382, 2769.8017162376073, 174.16104307256518]",[0.59584344 0.53255156 0.60113179],[-0.32114513 -0.52806347  0.78613916],[ 0.73609538 -0.66146641 -0.14361681],2.302845754608372,-0.19268563880246825,0.7435127897127153
690,73255,26,"[1002.3487270493482, 2968.572274930039, 149.62816190021158]",[ 0.55492875  0.79201831 -0.254482  ],[ 0.44149643 -0.02111697  0.89701448],[ 0.705078   -0.61013202 -0.36139167],2.284128768639738,-0.47364155850621303,0.7882631965207249
692,27660,10,"[918.4692335502531, 2645.7043745480837, 202.59862617498192]",[ 0.16601979 -0.14220564  0.97581504],[0.57234953 0.81971244 0.0220804 ],[ 0.80302768 -0.55484149 -0.21747982],2.1754137696899205,-0.2644804394919375,0.6384378666425925
693,41065,14,"[959.4046755144284, 2768.2157311579203, 195.7154998173627]",[0.61856254 0.71885228 0.31722513],[-0.01370527 -0.39379778  0.91909492],[ 0.78561603 -0.57286535 -0.23373649],2.2008471276422226,-0.28918002956948907,0.6671051678414518
702,173929,63,"[997.4491142937635, 1795.5055626146302, 168.13406044995372]",[0.50270704 0.84715005 0.17211165],[-0.01130757 -0.19263696  0.98120494],[ 0.86438288 -0.4952048  -0.08726075],2.0910508361059805,-0.10061064106638999,0.5268745316146202
703,28988,10,"[958.184421139782, 2723.353594590865, 224.4587760452601]",[ 0.57650114  0.81707173 -0.00634313],[ 0.17730312 -0.11751415  0.97711516],[ 0.79762776 -0.56443265 -0.21261641],2.1866308787686295,-0.26050368223168907,0.6474444857526486
704,41845,15,"[967.9118413191541, 2954.871884335046, 131.95557414266938]",[ 0.54935981  0.73569399 -0.39617943],[0.36658713 0.21386632 0.90546953],[ 0.75087793 -0.64266286 -0.15220639],2.2786952593233485,-0.1999947486579036,0.7214059374877446
706,4578,1,"[929.3636959370905, 2077.902359108781, 195.41284403669724]",[-0.2456434  -0.61789989  0.74689963],[0.70146662 0.41848046 0.57690439],[ 0.66903206 -0.66563791 -0.33063918],2.3536514336709606,-0.45900110144536566,0.8378906377540705
711,98272,35,"[983.8452153207425, 2229.284333279062, 162.44562031911428]",[-0.28744312 -0.473494    0.83257425],[0.51674349 0.65523236 0.55104149],[ 0.80644443 -0.5886204  -0.05633291],2.201306105415087,-0.06974014598514838,0.6326821446981907
714,27069,9,"[965.713657689608, 2168.2356200820127, 189.86039380841552]",[0.55400822 0.74881922 0.36379207],[-0.13998251 -0.34697101  0.92737048],[ 0.82065814 -0.5646954  -0.0874032 ],2.1734914259933573,-0.10610381066851965,0.6082344916270999
719,49332,17,"[973.3276169626206, 3009.214444985, 94.20293116030163]",[ 0.06871122 -0.01195011  0.99756502],[ 0.65222909  0.75717347 -0.03585445],[ 0.7549013  -0.65310453 -0.05982052],2.284021521328526,-0.0790775962525746,0.7152927094189383
721,19922,7,"[982.9907639795201, 2880.2338118662783, 171.78706957132817]",[0.70427071 0.67804469 0.21037624],[ 0.01302812 -0.30862698  0.95109393],[ 0.70981197 -0.66708679 -0.22619058],2.3251744324323322,-0.3084893747294703,0.7815650897674796
723,8462,3,"[961.9293311273931, 2974.8273457811392, 115.22016071850626]",[0.69769718 0.71636536 0.00626917],[ 0.07948285 -0.08610263  0.99311068],[ 0.71196988 -0.69239223 -0.11701233],2.342254791552599,-0.16289388429953247,0.7784968296529517
728,45404,16,"[1003.0739582415646, 2260.3394634833935, 115.07373799665228]",[0.68785396 0.72376825 0.05492216],[-0.02539502 -0.05162306  0.9983437 ],[ 0.72540473 -0.68810942 -0.01712902],2.329815798094544,-0.023608660506580594,0.7591741228204846
729,5325,1,"[950.8771830985916, 2507.9678873239436, 172.94103286384976]",[0.27007738 0.68220291 0.67945375],[-0.32245958 -0.60083911  0.73144527],[ 0.90723648 -0.41664319  0.05770981],2.001311176317209,-0.06352496098657515,0.4341296361252167
730,230717,84,"[1045.5533359050264, 1775.2928782881193, 99.11047300372317]",[0.10339609 0.2311345  0.96741206],[ 0.54515328  0.80035279 -0.2494861 ],[ 0.83193578 -0.55318375  0.04325038],2.157599568199949,-0.051940880475817165,0.588209012992182
737,44518,16,"[1006.5763062132171, 2216.470798328766, 287.2125657037603]",[ 0.51475344  0.63817913 -0.57250004],[0.43994124 0.37652042 0.81528159],[ 0.73585366 -0.67153538 -0.08694614],2.3105258384371137,-0.11761153025834077,0.7438698273271369
739,3863,1,"[962.8097333678488, 2034.6958322547243, 69.50556562257313]",[0.58991671 0.78219514 0.20042216],[ 0.0017356  -0.24943959  0.9683888 ],[ 0.80746224 -0.57092088 -0.14850616],2.186242064043175,-0.1818845568316879,0.6309588428951423
741,34072,12,"[992.0257983094623, 1734.4921343038272, 207.95022305705564]",[ 0.42262737  0.70786495 -0.5659623 ],[0.35273991 0.44675964 0.82218026],[ 0.8348417  -0.54711337 -0.06087937],2.15092322561196,-0.07279439466635863,0.5829511662775663
743,77150,28,"[1018.0685936487363, 3091.212015554115, 75.10614387556707]",[0.28530807 0.16871175 0.94347001],[ 0.48395632  0.82431474 -0.29375414],[ 0.82727601 -0.5404087  -0.15353453],2.149444938994586,-0.1835026183412641,0.5965548229141664
744,105654,38,"[1035.8001400798835, 1812.6932061256555, 245.80733337119275]",[0.58591349 0.65414009 0.47833683],[-0.2415416 -0.4224677  0.873601 ],[ 0.77353929 -0.62739285 -0.08952748],2.252249616709348,-0.11522481079297342,0.6863893524301676
749,52580,19,"[1037.7446557626474, 2253.0371624191707, 75.3036896158235]",[-0.26965991 -0.22892609  0.93534827],[0.63068717 0.69202126 0.35119835],[ 0.72767935 -0.68461626  0.04222965],2.3257123833733866,-0.057968297578694206,0.7558637608659663
759,41684,15,"[1025.3212503598504, 3001.0078207465695, 201.2107763170521]",[ 0.28441024  0.86585689 -0.41158555],[0.55978956 0.19854286 0.80449759],[ 0.77829715 -0.45920865 -0.42823003],2.1038431406573355,-0.5030075331019085,0.6788470742401269
761,28811,10,"[1005.7885529832356, 2769.576377078199, 260.5630488355142]",[-0.10559288 -0.65774571  0.74580206],[0.54116849 0.59119736 0.59801534],[ 0.83425824 -0.46675074 -0.29352502],2.0808886461678373,-0.33831264745156225,0.5840102069589886
763,59352,21,"[1034.9744406254213, 2949.388495754145, 226.59012333198544]",[ 0.37755222  0.91750392 -0.12506348],[ 0.43002571 -0.05411507  0.90119335],[ 0.82008061 -0.39402806 -0.41498153],2.0187021173582593,-0.46845621934485737,0.6092444528449639
764,3013,1,"[1002.5957517424494, 2683.1526717557254, 296.60902754729506]",[0.53738262 0.84331081 0.0068408 ],[ 0.56509621 -0.36609354  0.73935228],[-0.62600814  0.39344936  0.67328405],2.131912254067157,-0.8217680095661744,0.8943726702283162
766,8996,3,"[1015.1248332592263, 2766.5374610938193, 281.4239662072032]",[0.50204318 0.33425342 0.79763858],[ 0.29353554  0.80168772 -0.52070498],[ 0.81350447 -0.49555166 -0.3043666 ],2.1179214652504466,-0.35801867605743404,0.620643358155403
770,108971,39,"[1120.2004570023216, 1951.7801708711493, 269.3605179359646]",[ 0.43016424  0.70842061 -0.55955248],[0.40133723 0.40513726 0.82145738],[ 0.80863289 -0.57793083 -0.11004   ],2.1913208221880924,-0.13525075187257835,0.6289717122477899
775,67242,24,"[1083.4409743910055, 1482.568840903007, 281.809627911127]",[ 0.14647567 -0.31765022  0.93682614],[0.70834634 0.69474225 0.12481454],[ 0.69050006 -0.64531507 -0.32676921],2.322381601784912,-0.4420077539329337,0.8086161673208746
779,37052,13,"[1071.0801036381301, 2932.7524560077727, 288.74819173054084]",[ 0.46316207  0.83537795 -0.29601448],[0.31287039 0.15838002 0.93649767],[ 0.82921229 -0.52636436 -0.18800941],2.136394969830985,-0.22296288536003822,0.5930994307730272
780,68760,25,"[1064.268062827225, 2978.8154886561956, 259.94415357766144]",[ 0.33386345  0.93513015 -0.11860355],[0.21995674 0.04506311 0.97446824],[ 0.91659927 -0.35142698 -0.19064326],1.9369136441576686,-0.20506607840331528,0.4113064580628596
781,75685,27,"[1084.3456034881417, 2431.3825725044594, 238.30193565435687]",[ 0.52188452  0.84513112 -0.11571489],[0.20125811 0.00983038 0.97948892],[ 0.82893409 -0.53446866 -0.16495917],2.143483425516327,-0.19643532819373086,0.593596977099592
782,49250,17,"[1060.047614213198, 1825.642111675127, 33.14554314720812]",[0.17678753 0.10405976 0.97873272],[ 0.54248126  0.81941969 -0.18510931],[ 0.82125529 -0.56366917 -0.08841271],2.172302849199257,-0.10724254409858633,0.6071886743481233
783,50096,18,"[1068.8028784733312, 2329.9130269881825, 197.72478840626]",[-0.24150384 -0.55217876  0.79798153],[0.53202473 0.61237699 0.58475987],[ 0.8115575  -0.56576766 -0.14588136],2.1795989722351266,-0.17785543010280347,0.6239834100979996
784,6831,2,"[1068.7031181379007, 2755.1501976284585, 2.709852144634753]",[0.62819967 0.76791338 0.12519674],[ 0.14851599 -0.27630113  0.94952656],[ 0.76374615 -0.57789855 -0.28761969],2.218548216648186,-0.3601645229252915,0.701699635231084
791,11750,4,"[1060.0670638297872, 1876.8542127659575, 201.03046808510638]",[ 0.37914389  0.68720794 -0.61967343],[0.51784078 0.39741399 0.75756389],[ 0.76687081 -0.60811789 -0.20518721],2.2412458416939662,-0.2614401879550609,0.6968451132289544
792,123617,45,"[1110.2376614866887, 2431.7437650161387, 272.8308161498823]",[ 0.37905956  0.72942765 -0.56942879],[0.44771333 0.39397249 0.80270695],[ 0.80985593 -0.5592146  -0.17723545],2.175125552824036,-0.2154513391792077,0.6268898474381271
794,83464,30,"[1112.8074978433815, 1944.1910045049362, 221.08685181635195]",[ 0.58566061  0.70399838 -0.40173117],[0.32090971 0.25373735 0.91248798],[ 0.74432426 -0.6633277  -0.07731595],2.2987176739545574,-0.1035028170216133,0.7312739134484572
798,10849,3,"[1072.0853534888008, 3014.589455249332, 242.0219375057609]",[0.49859895 0.86642571 0.02656281],[-0.01729378 -0.02069478  0.99963626],[ 0.86666026 -0.49887696  0.00466538],2.0931050768070945,-0.005383123512854405,0.5223276558323434
799,26655,9,"[1084.3859688613768, 2595.522265991371, 174.004614518852]",[0.58811297 0.55162193 0.59146968],[-0.25234542 -0.56965247  0.78218786],[ 0.76840414 -0.60926949 -0.19582074],2.2411944564402164,-0.24952951342528623,0.694452586432516
802,18035,6,"[1086.539894649293, 3170.2516218464098, 119.45239811477683]",[0.57803945 0.72451914 0.37542299],[-0.10651625 -0.38914218  0.91499872],[ 0.809027   -0.568894   -0.14776647],2.1836553115784234,-0.18065581603343472,0.6283015065607715
803,111507,40,"[1138.393544799878, 2050.3706404082254, 163.99066426323012]",[0.51155639 0.72677454 0.4583763 ],[-0.22566413 -0.40109866  0.88780379],[ 0.82908731 -0.55760079 -0.04117764],2.162859397304393,-0.049625446190024576,0.5933230034195415
806,80700,29,"[1128.5232589838909, 2760.198265179678, 141.5608798017348]",[ 0.41247779  0.64657887 -0.64171476],[0.56880583 0.36743497 0.73583387],[ 0.71156307 -0.66852622 -0.21621907],2.325020485559351,-0.29499882470634364,0.779075988011175
808,29714,10,"[1081.6174530524331, 2486.3532341657133, 199.59530860873662]",[ 0.23687013 -0.08989828  0.96737317],[ 0.54418169  0.83713277 -0.05545284],[ 0.80483466 -0.53956189 -0.24721274],2.1613797223105493,-0.2980122804940821,0.6353994976901537
809,74344,27,"[1122.175898525772, 3157.787756913806, 149.36768266437105]",[0.41694132 0.1598992  0.89475817],[ 0.46363321  0.80929624 -0.36067138],[ 0.78179549 -0.5652184  -0.26329447],2.1967757542060062,-0.32485092640623003,0.6732561542362262
815,115797,42,"[1116.4774648738742, 1912.9200065632097, 31.87957373679802]",[0.17415122 0.20172988 0.96383422],[ 0.57044521  0.77716115 -0.26573072],[ 0.80266033 -0.59609194 -0.02026772],2.209573802590013,-0.025245313168792284,0.6390540183646884
821,43007,15,"[1124.8711605087544, 2603.0729881182133, 195.61229567279744]",[0.58777109 0.80638109 0.06538106],[ 0.16190959 -0.19642463  0.96705876],[ 0.79266035 -0.55782336 -0.24601355],2.1840250539467787,-0.300938085118205,0.6556359883520355
824,30421,11,"[1124.8960915157293, 2556.900397751553, 222.26948489530258]",[ 0.54923721  0.80641833 -0.21915282],[0.26245615 0.08251898 0.96140906],[ 0.79338216 -0.58555964 -0.16632696],2.206608674033181,-0.20665017820479178,0.6544511236980262
827,26938,9,"[1122.8113074467294, 1993.9136164525949, 193.38544064147302]",[0.59641857 0.69076723 0.40880988],[-0.19915715 -0.36603356  0.90904118],[ 0.77757399 -0.62358645 -0.08073798],2.2467337644541625,-0.10346242036684047,0.6799979740365579
828,7487,2,"[1120.9687458260985, 2969.7289969280087, 2.5289167891011086]",[0.58506569 0.8008448  0.12785051],[ 0.22592357 -0.31235634  0.92270909],[ 0.77888169 -0.51096098 -0.36367869],2.151391014943994,-0.436838596753573,0.6779155927938838
829,8030,2,"[1102.038107098381, 2370.952303860523, 173.62727272727273]",[0.30027657 0.63814526 0.70894612],[-0.42526493 -0.57572345  0.69834966],[ 0.85380544 -0.51118796  0.09850454],2.1102720273057005,-0.11486334236142379,0.5475444494934902
830,28965,10,"[1115.5959606421543, 3219.1416882444328, 255.74358708786465]",[0.38113521 0.10178495 0.91889922],[ 0.48499027  0.82416965 -0.29245312],[ 0.78709617 -0.55712136 -0.26475536],2.186750466257345,-0.32448085436195545,0.6647092314972629
836,89402,32,"[1169.6169436925347, 2092.902619628196, 94.80516095836782]",[-0.38993078 -0.25747736  0.88411503],[0.40020168 0.8173154  0.41452883],[ 0.82933262 -0.51546187  0.21565356],2.126902355942617,-0.25439863659751044,0.5928841020362984
841,181508,66,"[1165.3123994534676, 2903.8773607774865, 70.1447043656478]",[ 0.02387576 -0.31697314  0.94813394],[0.64274886 0.73127189 0.22828781],[ 0.7657048  -0.60396147 -0.2211938 ],2.2386492758041285,-0.2812203768819276,0.6986599211562993
842,217992,79,"[1177.1678089104187, 1648.6570975081654, 174.46791166648316]",[ 0.34661663  0.79586135 -0.49644901],[0.31593163 0.39928286 0.86067439],[ 0.88320106 -0.45516801 -0.1130397 ],2.04665764105707,-0.12729655912020546,0.4881520166161411
845,26315,9,"[1152.5459623788713, 2036.3876496294888, 292.38183545506365]",[0.65952154 0.75106824 0.03046041],[ 0.04652399 -0.08123128  0.99560886],[ 0.75024453 -0.65520835 -0.08851647],2.2886776566268994,-0.11744057612579864,0.7223644769826193
846,13808,5,"[1138.6301419466977, 1978.4472045191194, 5.127172653534183]",[0.65815908 0.5191927  0.54522066],[-0.1133479  -0.6475951   0.75350702],[ 0.74429758 -0.55772711 -0.36737119],2.213870739722881,-0.45849929023519254,0.7313138763445813
847,21596,7,"[1147.9645767734767, 2713.620531579922, 171.06644749027598]",[0.68990248 0.67559304 0.26001655],[-0.07210795 -0.2932658   0.95330772],[ 0.72030203 -0.67643862 -0.15360917],2.3248006944847264,-0.21010920695395813,0.7665586966847755
851,8327,3,"[1144.447099795845, 2820.3809295064248, 116.22276930467154]",[0.68171923 0.7314559  0.01520368],[ 0.05529933 -0.07223846  0.9958532 ],[ 0.72952099 -0.67805152 -0.08969537],2.3196446567101,-0.12233705742970905,0.7531749919887972
853,15464,5,"[1136.841244180031, 3178.9156104500776, 188.74456802897052]",[0.63284477 0.63120769 0.4484243 ],[-0.12859056 -0.48542727  0.86476866],[ 0.76352601 -0.60492746 -0.22603276],2.2408130543606304,-0.2878180349948267,0.7020405954006922
859,171381,62,"[1228.3039018327586, 1661.838138416744, 111.82187640403545]",[0.516915   0.850582   0.09648394],[-0.11140412 -0.04490917  0.99275994],[ 0.84875674 -0.52392121  0.07154411],2.1238254641810457,-0.08409404047791949,0.5571666567451988
860,208913,76,"[1241.4409969700305, 1723.5253000052653, 233.39610747057387]",[ 0.38391761  0.6710616  -0.6342583 ],[0.46590219 0.45226571 0.76052013],[ 0.79720914 -0.5874794  -0.1390163 ],2.2058735783361256,-0.17264276891770755,0.6481382166635731
863,21656,7,"[1179.042898042113, 3071.901274473587, 8.081363132619135]",[0.57039505 0.28921037 0.7687697 ],[ 0.38315314  0.73419798 -0.56048817],[ 0.72652815 -0.61425621 -0.30797104],2.2726533662592616,-0.4009336152098496,0.757540602320218
867,34612,12,"[1172.5004622674217, 2638.105050271582, 237.8308967987981]",[ 0.1099783  -0.08489434  0.99030183],[0.32500672 0.94464587 0.04488672],[ 0.93929516 -0.31691818 -0.13148178],1.8962023989370782,-0.13907553694164676,0.3502260844968761
868,61103,22,"[1207.7129109863672, 2805.5920003927795, 212.7549711143479]",[0.52381936 0.83178819 0.18368911],[ 0.16660215 -0.31151523  0.9355223 ],[ 0.83537836 -0.4594417  -0.30175541],2.0736244678678557,-0.34663523536545654,0.5819755763356955
870,12735,4,"[1176.8309383588535, 2053.366156262269, 7.839968590498626]",[0.43934178 0.19345893 0.87724138],[ 0.43489943  0.80866176 -0.3961422 ],[ 0.78602881 -0.55555359 -0.27114372],2.186061671087443,-0.3321723706257159,0.6664377284268282
872,14588,5,"[1176.248971757609, 2071.319509185632, 277.96826158486425]",[ 0.49253507  0.86232831 -0.11746955],[0.14630606 0.05101308 0.98792318],[ 0.8579066  -0.50377332 -0.10103813],2.101760049583092,-0.11723284179216718,0.5396149169958393
878,83973,30,"[1197.597966012885, 2012.9719552713373, 52.177306991532994]",[-0.01989291 -0.3693211   0.92908891],[0.57071385 0.75880385 0.31385095],[ 0.82090802 -0.53648731 -0.19568185],2.1496484891490883,-0.23400549652303185,0.6077970600724044
879,27820,10,"[1201.2906182602444, 3083.95460100647, 290.4454349388929]",[ 0.5870655   0.77255661 -0.24188918],[0.27681646 0.08921481 0.95677237],[ 0.76074092 -0.62864696 -0.16148145],2.2614059060214275,-0.2091640296778656,0.7063424403095798
883,43188,15,"[1204.9541076224878, 2888.6638881170697, 186.47184403074928]",[ 0.31792956  0.8412666  -0.43725429],[0.47903291 0.25545836 0.83980265],[ 0.81819818 -0.47645728 -0.32177662],2.098118133650795,-0.3746952641416686,0.6125262728793407
884,44349,16,"[1222.3804144400099, 1629.415589979481, 72.45101355160206]",[0.52644235 0.84128667 0.12286247],[-0.02251852 -0.13066065  0.99117138],[ 0.84991257 -0.52456127 -0.04984077],2.1237629212597295,-0.05857514316188945,0.5549769873913785
885,109927,40,"[1289.0575563783239, 1791.3893856832262, 271.46298907456764]",[ 0.42477131  0.72816234 -0.53791165],[0.33144458 0.42783986 0.84089092],[ 0.84244514 -0.53547424 -0.05961136],2.1369954463584295,-0.07064218885460188,0.568990797771037
886,17760,6,"[1198.1114864864865, 2570.879054054054, 289.4016328828829]",[ 0.26547105 -0.30439524  0.91480526],[0.59801152 0.79625777 0.09140998],[ 0.75624556 -0.52279738 -0.39341525],2.175663783077365,-0.47969367896969367,0.7132406081597645
888,16406,5,"[1208.3492624649518, 3299.25393148848, 152.44910398634647]",[0.59036937 0.39410514 0.70437571],[ 0.29575404  0.70636333 -0.64310217],[ 0.75099504 -0.58798978 -0.30045708],2.235052647169507,-0.38057417889195644,0.7212285997115896
891,21950,7,"[1210.629020501139, 2134.8896127562643, 7.772118451025057]",[0.55593401 0.40802073 0.72419366],[ 0.20607838  0.77638052 -0.59562152],[ 0.80527578 -0.48036691 -0.34753208],2.108656561580121,-0.4074214902929436,0.6346558724281813
893,9099,3,"[1196.1915595120342, 2631.9355973183865, 265.9143861962853]",[ 0.20215814 -0.12480109  0.9713685 ],[0.49895553 0.86659515 0.0074988 ],[ 0.84271909 -0.48315375 -0.23745946],2.091372517056878,-0.2746564186794678,0.5684821440309281
896,58373,21,"[1229.122608055094, 2172.3857948023915, 197.2241275932366]",[-0.19510722 -0.39108887  0.89943464],[0.58706835 0.68805898 0.42652736],[ 0.78567418 -0.61124818 -0.09535062],2.231972919193538,-0.12077091380646955,0.6670111708680885
897,80803,29,"[1242.9670680544039, 3257.788992982934, 24.677573852455975]",[ 0.35105428  0.82102787 -0.45019343],[0.61593093 0.15965125 0.77145354],[ 0.70525881 -0.54811012 -0.44965021],2.2314643489078296,-0.5675857297859357,0.7880081904723173
899,199502,72,"[1266.6457980371124, 2261.4173391745444, 260.49075698489236]",[ 0.07798192 -0.16961368  0.98242049],[0.55638249 0.82509282 0.09828709],[ 0.82725893 -0.53893694 -0.15871241],2.148206424014824,-0.1895501257136042,0.5965852137192307
902,49469,18,"[1229.3008752956398, 2790.5897026420585, 246.37358749924195]",[ 0.24981714  0.80378211 -0.53993122],[0.5340744  0.35074263 0.76924908],[ 0.80768554 -0.48053505 -0.34165793],2.1074966381584286,-0.40018270412869117,0.6305802216972198
907,7326,2,"[1217.604286104286, 1669.3428883428883, 7.8734643734643734]",[0.43454254 0.07497708 0.89752505],[ 0.44950387  0.84548935 -0.28826034],[ 0.78046079 -0.52870237 -0.33369861],2.1662089431876437,-0.40404217841530554,0.675393822375497
908,66952,24,"[1280.265234795077, 2565.565599235273, 147.63266220575935]",[ 0.66954971  0.72744884 -0.15007122],[ 0.25210084 -0.03251359  0.96715461],[ 0.69867614 -0.68539117 -0.20515993],2.3465962805373826,-0.2856126471201469,0.797250921386026
910,105912,38,"[1279.7194085656017, 3131.542997960571, 73.24558123725357]",[ 0.48614008  0.80314789 -0.34441441],[0.46316407 0.09740819 0.88090334],[ 0.74104444 -0.5877628  -0.32463522],2.241349277916319,-0.41289542155449327,0.7361718109256581
912,43943,16,"[1261.8029492751973, 2779.6866622670277, 285.2644562273855]",[0.60199682 0.71789003 0.34961941],[-0.04279571 -0.40820966  0.91188453],[ 0.79735083 -0.5639138  -0.21501831],2.1863609936655095,-0.2634003827489447,0.6479034784370826
913,10910,3,"[1224.614848762603, 1710.8856095325389, 204.43675527039414]",[ 0.43948406  0.75511531 -0.48647161],[0.33717309 0.36329463 0.86852249],[ 0.83256716 -0.54572693 -0.09494236],2.1510107553384454,-0.11354518820451252,0.5870701646068055
915,118551,43,"[1282.0634663562516, 2962.8678965171107, 142.176346045162]",[0.55293293 0.8229299  0.13058158],[ 0.19471509 -0.27999614  0.94004691],[ 0.81015505 -0.49435669 -0.31505596],2.1186821612404088,-0.3708866361093834,0.6263797666728719
917,27345,9,"[1241.0635948070944, 2427.4407752788443, 173.953922106418]",[0.38738903 0.20912176 0.8978852 ],[ 0.54089939  0.73713102 -0.40505026],[ 0.74656385 -0.64257758 -0.17244263],2.2814773370338672,-0.22700062429830223,0.7279140238753149
920,3311,1,"[1225.8945937783146, 2696.5385080036244, 296.2600422832981]",[5.74779014e-01 8.18308572e-01 4.06965567e-04],[-0.23541078  0.16487592  0.9578088 ],[ 0.78371605 -0.5506242   0.28740588],2.1832525722510865,-0.35149352194793326,0.670170055880691
922,28403,10,"[1242.174981516037, 2317.9255712424742, 199.95901841354785]",[ 0.18420035 -0.09754078  0.97803682],[ 0.55936322  0.82861151 -0.02271027],[ 0.80819739 -0.55126106 -0.20719126],2.169398813931428,-0.25095758709624055,0.6297115857447553
926,188898,68,"[1297.6118222532796, 1774.6885514933986, 37.56300225518534]",[0.11101214 0.09747844 0.98902692],[ 0.50955292  0.84883196 -0.14085499],[ 0.85324798 -0.51959818 -0.04456023],2.1177816898955473,-0.05217684587829397,0.5486143141530593
928,19507,7,"[1262.0041523555647, 3004.6776541754243, 113.18911160096376]",[0.61800512 0.75741644 0.21068936],[ 0.0539529  -0.30822198  0.94978329],[ 0.78432057 -0.57560363 -0.23134757],2.203905909001715,-0.2868316843383719,0.6691961851505163
929,76186,27,"[1296.8269367075316, 3075.1651353267002, 220.03690966844303]",[0.50497708 0.66877739 0.54565094],[-0.16300221 -0.54690866  0.82117063],[ 0.84760158 -0.50361465 -0.16716414],2.1069138711372073,-0.19472123917797426,0.5593474134360398
933,4975,1,"[1246.3358793969849, 2798.0488442211054, 261.5380904522613]",[ 0.2320681  -0.35259575  0.90654323],[0.56838426 0.80547384 0.16778327],[ 0.78935653 -0.47632776 -0.38733466],2.1137399701403154,-0.4561773237718732,0.6610361501737816
935,28010,10,"[1302.78818279186, 2792.75265976437, 13.09221706533381]",[0.55730949 0.52788854 0.64088987],[-0.28420762 -0.60396381  0.74461651],[ 0.7801488  -0.59712763 -0.18656482],2.2240822086868968,-0.2347316998308569,0.6758926839967521
936,43321,15,"[1289.3341335610905, 2434.423997599317, 196.57632556958518]",[ 0.52453809  0.84453801 -0.1077745 ],[ 0.25799441 -0.0370362   0.96543628],[ 0.81135608 -0.53421332 -0.23731298],2.1530681630663553,-0.284552093666715,0.6243280790510061
