ID,Pixels,ZDiscs,Centroid,Azi_[RAD],Ele_[RAD],Sph_[RAD],Azi_[DEG],Ele_[DEG],Sph_[DEG],PC1_ROT,PC2_ROT,PC3_ROT
42,26733,9,"[17.21871843788576, 2555.363670369955, 248.2001271836307]",-0.2573387327164789,0.27639329325649864,-0.30749334843090237,-14.744423289899402,15.83616918931905,-17.618071093436377,[-0.11944228 -0.02625446  0.99249395],[-0.99284114  0.00326001 -0.11939783],[1.00815881e-04 9.99649979e-01 2.64558870e-02]
43,71518,26,"[30.294121759557033, 2684.496294639112, 196.72899130288877]",-0.2841174086073477,0.01624428190686389,-0.24993850251976185,-16.278728399394907,0.9307287944840255,-14.320421332202244,[-0.81784168 -0.00965185 -0.57536236],[-0.57532229 -0.00678973  0.81789862],[-1.18007983e-02  9.99930369e-01  5.03596901e-09]
44,55091,20,"[51.436786407943224, 2609.967199724093, 86.6560055181427]",-0.23003513191543812,0.060414010549311975,-0.22915890561587587,-13.180042198489744,3.461467827934408,-13.129838129626464,[1.28009473e-02 1.20107271e-04 9.99918053e-01],[-0.99987404 -0.00938168  0.01280152],[-9.38244829e-03  9.99955985e-01  3.18654555e-09]
48,6178,2,"[16.719650372288765, 2724.7348656523145, 48.82146325671739]",-0.1784559303986688,-0.12335963951898593,-0.0987917613128263,-10.22477164092409,-7.067986706693134,-5.660350973888747,[0.34679705 0.01157098 0.93786882],[-0.93734721 -0.03127486  0.34699003],[-3.33467275e-02  9.99443843e-01 -3.86637951e-09]
50,30335,11,"[42.30776330970826, 2894.7655843085545, 16.257722103181145]",-0.08209109249963076,-0.2820482658020745,0.048422239424404934,-4.703473135846892,-16.160175249442897,2.7743899535903864,[-0.99188172 -0.07301192 -0.10411488],[-0.10383396 -0.00764317  0.99456527],[-7.34108885e-02  9.97301777e-01 -1.75069997e-09]
51,25265,9,"[32.76932515337423, 3186.6740154363742, 191.68015040569958]",-0.13704913156671372,0.21900926331082757,-0.18366715043370857,-7.852336824705844,12.548306461979767,-10.523352555045886,[-0.95969025  0.03846299 -0.27841554],[-0.28104192 -0.12014815  0.95214488],[0.00317122 0.9920106  0.12611472]
52,11527,4,"[22.492495879240046, 3322.226338162575, 292.60163095341375]",-0.20495667436055642,0.03930595968323208,-0.19952828981908577,-11.743152423897058,2.2520655995605683,-11.432128900096725,[-0.94443303 -0.01108021 -0.3285171 ],[-0.32849449 -0.00385394  0.94449802],[-1.17313271e-02  9.99931186e-01  3.14649542e-09]
54,10532,3,"[12.484808203570072, 3328.6487846562854, 277.15514622104064]",-0.19172025306042428,0.12315312203703077,-0.21767330028944243,-10.984761347542417,7.0561541265814345,-12.471761419268852,[-0.86590064 -0.00461659 -0.50019474],[-0.50018763 -0.00266677  0.86591294],[-5.33147793e-03  9.99985791e-01 -1.33779301e-09]
56,30686,11,"[23.31972234895392, 3376.516913250342, 254.6470377370788]",-0.13947153626576592,0.16532110465983285,-0.17829957447685496,-7.99113039023419,9.472201561448989,-10.215813106502281,[0.70329327 0.00227449 0.7108962 ],[-0.71089248 -0.00229907  0.70329694],[-3.23403431e-03  9.99994767e-01  1.90546838e-09]
60,35927,13,"[25.206529907868735, 3441.2367578701255, 222.99930414451526]",-0.1524505423191953,0.23549642714014826,-0.20047808408467654,-8.734772659370435,13.49295136554059,-11.486548102920803,[-4.14511814e-01 -2.54376672e-04  9.10043896e-01],[-9.10043725e-01 -5.58468155e-04 -4.14511895e-01],[-6.13678944e-04  9.99999814e-01 -7.91472976e-10]
61,54990,20,"[31.63373340607383, 3533.072504091653, 194.12967812329515]",-0.09798106801545625,0.012172465913582287,-0.10003680669830606,-5.613901669469897,0.6974309231151192,-5.731686819778979,[0.26124751 0.00441045 0.96526177],[-0.96512424 -0.01629349  0.26128474],[-1.68798672e-02  9.99857530e-01 -1.58064843e-09]
66,16123,5,"[29.87545742107548, 2796.007070644421, 140.37951994045773]",-0.03065965728718334,0.09851888197884545,-0.062400048250379925,-1.7566689638731248,5.6447161397353085,-3.575259406159468,[-0.29577453 -0.00253528  0.95525441],[-0.95521933 -0.00818784 -0.29578539],[-8.57136634e-03  9.99963260e-01 -4.34951355e-09]
67,19189,6,"[30.943196623065298, 2794.03100734796, 35.60222002188754]",-0.04003359122070327,0.12612403072108005,-0.07627219080561742,-2.293755815698276,7.2263746554962225,-4.370074627378401,[-2.93390271e-02 -1.82800697e-04  9.99569499e-01],[-0.9995501  -0.00622784 -0.02933959],[-6.23051306e-03  9.99980589e-01  6.09733472e-10]
68,123179,44,"[57.27297672492876, 2702.743154271426, 257.774482663441]",-0.1266893891375913,0.13688893081161735,-0.16048828084573663,-7.258767306674514,7.843157997564008,-9.195301153770956,[0.64245857 0.00318309 0.76631381],[-0.76630441 -0.0037967   0.64246645],[-4.95448786e-03  9.99987727e-01 -2.03322471e-09]
80,77737,28,"[82.68163165545364, 2927.955297991947, 161.07719618714384]",-0.10966061664779625,0.12030476610192195,-0.1408709211924044,-6.283090512720776,6.892955352948659,-8.071309240444798,[-0.99880158 -0.00620747 -0.04854765],[-4.85467072e-02 -3.01716749e-04  9.98820863e-01],[-6.21480057e-03  9.99980686e-01 -2.50259591e-09]
87,9269,3,"[37.75207681519042, 3418.1517963102815, 273.44988671917145]",-0.22985197371276,0.07444186674214937,-0.23477511287453684,-13.169548006493088,4.265204783400446,-13.451623102418477,[0.61724576 0.00510926 0.78675382],[-0.78672687 -0.00651213  0.6172669 ],[-8.27721601e-03  9.99965744e-01  6.02376615e-10]
88,10524,3,"[44.141011022424934, 2797.353382744204, 118.51358798935766]",-0.11703743345125472,0.25100110850019536,-0.16634378014452356,-6.705750981800136,14.381304170166446,-9.53079655053326,[-0.02895554 -0.06905739  0.99719238],[-0.9995802   0.00299463 -0.02881749],[9.96154877e-04 9.97608197e-01 6.91151130e-02]
89,21665,7,"[48.76745903531041, 3510.989383798754, 274.85409646895914]",-0.26074576935372606,-0.016942511344890443,-0.21448357726694156,-14.9396321098601,-0.9707343944147411,-12.289003752263838,[-0.8859528  -0.01388593 -0.46356749],[-0.46351056 -0.00726481  0.88606161],[-1.56715114e-02  9.99877190e-01  1.19241582e-09]
90,5641,2,"[49.21060095727708, 2754.7711398688175, 72.07374578975359]",0.005831109803215995,0.03922269414949109,-0.016472965406731488,0.3340979816016443,2.2472948358983054,-0.9438313938707168,[-0.22366559 -0.00338205  0.97466008],[-0.97454867 -0.01473613 -0.22369115],[-1.51192477e-02  9.99885698e-01 -1.74487560e-09]
92,9769,3,"[46.376906541099395, 3575.5138704063875, 251.02047292455728]",-0.26867898426860437,0.07582697136069866,-0.2679333412521889,-15.394171842452863,4.344565432227398,-15.351449644588858,[0.23596112 0.00177262 0.97176087],[-0.97173346 -0.00730002  0.23596778],[-7.51214934e-03  9.99971779e-01 -5.73062444e-09]
95,18140,6,"[57.779988974641675, 2788.387816979052, 96.91824696802647]",-0.10440606802653374,0.22614586285521177,-0.15206095951970355,-5.982027053476145,12.957203495947965,-8.712451209188668,[-0.44120091 -0.09895904  0.89193546],[-0.89740436  0.05161965 -0.43817901],[0.00267962 0.99375174 0.11158092]
96,9254,3,"[62.46336719256538, 2764.989734169008, 294.69775232331966]",-0.12176013029272825,0.15380154776965796,-0.15919153154973487,-6.9763415787363385,8.812179569781119,-9.121002892023494,[-0.99925634 -0.0039456   0.03835615],[3.83558435e-02 1.51443539e-04 9.99264136e-01],[-3.94849771e-03  9.99992204e-01  6.50101100e-10]
97,41279,15,"[83.56939363841178, 2924.5780178783402, 134.49470675161706]",-0.10876848585530086,0.19810690932810426,-0.15345930402930297,-6.231975183537131,11.350689796881252,-8.792570447894008,[-0.97951342 -0.00179574 -0.20137091],[-2.01370571e-01 -3.69172350e-04  9.79515065e-01],[-1.83329536e-03  9.99998322e-01 -4.53046764e-09]
98,72830,26,"[94.2817382946588, 2879.1996430042564, 204.37271728683234]",-0.04696172029920698,0.17123921853026586,-0.08969235175686929,-2.6907083718184026,9.811284508902633,-5.138993210271401,[0.52224057 0.00170152 0.85279651],[-0.85279199 -0.00277849  0.52224335],[-3.25809589e-03  9.99994694e-01  1.97746166e-09]
100,68663,25,"[89.13095844923758, 2859.428920961799, 51.814223089582455]",0.0361818902277804,-0.18107599810015962,0.07418685498829158,2.0730696048574515,-10.374890462258058,4.250593686178171,[0.78189491 0.04312169 0.6219171 ],[-0.62097345 -0.03424683  0.78308309],[-5.50665457e-02  9.98482689e-01 -3.58045239e-09]
101,21344,7,"[77.1246251874063, 3195.7250749625186, 174.27230134932535]",-0.13571596188315027,0.13384773562969687,-0.16832901242477083,-7.7759518284628655,7.6689103489644435,-9.644541981544563,[-0.9995008   0.00699529  0.03080935],[ 0.02772521 -0.27335674  0.96151308],[0.01514801 0.96188729 0.27302634]
104,21374,7,"[86.36193506128942, 3233.0014971460655, 8.125900626929916]",-0.011504997717063592,-0.12765277971698924,0.019209092160088925,-0.6591878124953894,-7.313965520896684,1.1005999090509349,[0.67926416 0.02834654 0.73334622],[-0.73270849 -0.03057684  0.67985537],[-4.16949543e-02  9.99130386e-01 -2.22745869e-09]
105,8186,2,"[67.96213046665038, 3514.0245541167847, 288.75751282677743]",-0.1800231513748103,-0.011168419752269843,-0.15750609675576666,-10.314566788421374,-0.6399033156356069,-9.024434591684617,[-0.83424424 -0.01474247 -0.55119797],[-0.55111192 -0.00973906  0.8343745 ],[-1.76688903e-02  9.99843888e-01 -3.74253082e-09]
106,31562,11,"[90.54489576072493, 2863.181103859071, 273.392624041569]",-0.17967933855112772,0.11871824193826186,-0.20537503144776703,-10.294867764681882,6.8020542142754135,-11.767122519323607,[-0.79408699 -0.00455198 -0.60778707],[-0.60777709 -0.00348399  0.79410005],[-5.73225374e-03  9.99983572e-01  2.42489768e-09]
116,48968,17,"[155.29807221042313, 3414.6061305342264, 20.01599003430812]",-0.0044776081540911505,-0.038499566884457326,-0.00532554413334263,-0.2565480495427863,-2.2058626955610343,-0.30513120245118586,[-0.57274066 -0.0147952   0.8196031 ],[0.81932977 0.02116516 0.57293173],[-2.58236692e-02  9.99666513e-01 -3.35800614e-09]
117,109782,40,"[126.14320198211, 2975.690094915378, 267.8521524475779]",-0.11687155696685547,0.14163949857149177,-0.15217588284685668,-6.696246959323588,8.11534548049573,-8.719035830802145,[0.30530373 0.00143848 0.95225393],[-0.95224337 -0.00448664  0.30530712],[-4.71159702e-03  9.99988902e-01 -3.23355358e-10]
136,72783,26,"[162.72685929406592, 2498.4897572235272, 12.918923374963933]",-0.20546876286395754,-0.0067841845802243395,-0.17913902631861545,-11.772492933879107,-0.3887051438845859,-10.26391015413964,[-0.97074231 -0.01593493  0.23959431],[0.23956203 0.00393246 0.9708731 ],[-1.64129876e-02  9.99865295e-01 -3.13058600e-09]
146,9160,3,"[153.4102620087336, 3498.9501091703055, 6.994323144104803]",0.060700609131658645,-0.2515638413066194,0.11825678771093084,3.4778887171172954,-14.413546384968097,6.775614834610877,[-0.5509768  -0.04105846  0.83350991],[0.8312052  0.06194092 0.55250451],[-7.43133528e-02  9.97234935e-01  2.24444142e-09]
150,81584,29,"[188.85423612473033, 3190.551738085899, 252.75790596195333]",-0.09348079345861082,0.12433088686911647,-0.1265432814569596,-5.356054930712546,7.123635080718879,-7.250395953219872,[-0.96853306 -0.00584769  0.24881626],[0.24881172 0.00150224 0.96855071],[-6.03756234e-03  9.99981771e-01 -1.22826582e-09]
157,114798,41,"[181.21955086325545, 2529.3623582292375, 183.72341852645516]",-0.32566446810952554,0.058005611534961754,-0.3041381372090888,-18.659199560048606,3.3234767290286733,-17.425831651051528,[-0.75649639 -0.00573513 -0.65397272],[-0.65395393 -0.00495774  0.75651813],[-7.58095317e-03  9.99971265e-01 -2.81133572e-09]
160,38545,14,"[174.46052665715396, 3155.836866000778, 225.49682189648462]",-0.08544394896910257,0.05322622118064635,-0.10182891302800445,-4.895577660860752,3.0496378330808653,-5.834366948909377,[-0.63982107 -0.28228585  0.71480326],[ 0.7676517  -0.27904525  0.57692688],[0.03660416 0.91784991 0.39523624]
172,24716,9,"[204.80166693639748, 3544.104021686357, 155.74579219938502]",0.0074148037707963965,0.12709149946525578,-0.031102679519266596,0.42483696198432597,7.281806531348314,-1.782052268001955,[-0.98531008 -0.00628837  0.17065904],[0.17065558 0.00108915 0.98533014],[-6.38199642e-03  9.99979634e-01  3.27973262e-09]
173,43293,15,"[223.8490518097614, 3229.262259487677, 292.57445776453466]",-0.2800539417673775,0.13909709254628427,-0.30309284936607617,-16.045908899273257,7.969676345442709,-17.365941069270573,[-0.99903851 -0.00363605  0.04369019],[4.36899016e-02 1.59009240e-04 9.99045123e-01],[-3.63952684e-03  9.99993373e-01 -5.19931751e-09]
174,2793,1,"[169.35911206587897, 2661.013605442177, 2.1188686000716075]",-0.2808119377519884,-0.24885878243375853,-0.06556210874250723,-16.08933887007933,-14.258557928218753,-3.7564321269234213,[-0.99142082 -0.04533883  0.12259345],[0.12246546 0.00560048 0.99245698],[-4.56834264e-02  9.98955966e-01 -1.26529061e-09]
178,65011,23,"[208.060051375921, 3286.908538555014, 218.74619679746505]",-0.07563434946684255,0.23070366422399957,-0.12388368508540104,-4.333529010667618,13.218346278238457,-7.098012305921262,[-5.20944782e-01 -4.15303403e-04  8.53590280e-01],[-8.53590007e-01 -6.80493925e-04 -5.20944947e-01],[-7.97210802e-04  9.99999682e-01  4.36959796e-09]
179,11006,4,"[181.1903507177903, 3576.1509176812647, 116.16818099218608]",0.01176035458558955,0.14768614593021046,-0.029688902752953994,0.6738186833316036,8.461792854354238,-1.701048826118594,[0.64402821 0.00314676 0.76499528],[-0.76498615 -0.00373776  0.64403589],[-4.88599276e-03  9.99988061e-01 -5.20676130e-09]
181,18895,6,"[196.36649907382906, 3177.466155067478, 275.31018788039165]",-0.04647318097383213,0.13172109429925896,-0.08335847779461181,-2.6627171303482555,7.547062776192266,-4.776088964266243,[-0.99219355 -0.00573506  0.12457554],[1.24573455e-01 7.20057185e-04 9.92210130e-01],[-5.78007966e-03  9.99983300e-01  7.12812118e-10]
185,16919,6,"[187.39458596843784, 2418.9700336899346, 245.9049589219221]",-0.29618582560006135,0.23048314345328685,-0.34184440794047405,-16.970197758481362,13.205711368781646,-19.586241825137567,[3.97719960e-01 2.18811484e-04 9.17506829e-01],[-9.17506692e-01 -5.04763304e-04  3.97720019e-01],[-5.50155776e-04  9.99999849e-01  4.78799387e-09]
186,116852,42,"[219.69220039023722, 2545.6742546126725, 259.46973094170403]",-0.15729963451503526,0.16722990934825946,-0.19577087132135956,-9.012605176661893,9.581568014010617,-11.216844678312626,[0.46307677 0.00141566 0.88631705],[-0.8863129  -0.00270954  0.46307893],[-3.05707513e-03  9.99995329e-01 -1.35012734e-09]
188,16026,5,"[199.41601148134282, 3573.3401971795834, 134.43267190814925]",0.005263170014219831,0.12158964933412297,-0.03234948434358109,0.301557428674613,6.966573739320905,-1.8534889223117261,[-0.43717438 -0.00297737  0.89937184],[-0.89935097 -0.00612501 -0.43718452],[-6.81032682e-03  9.99976811e-01  1.12193506e-09]
189,65818,23,"[220.332036828831, 3381.1466772007657, 192.2943875535568]",-0.036886875221123105,-0.03531245511221942,-0.033272269535879695,-2.1134622695960417,-2.023254642175342,-1.9063606192276055,[0.10895163 0.002688   0.99404342],[-0.99374103 -0.02451706  0.10898478],[-2.46639758e-02  9.99695800e-01  1.86464649e-09]
191,2937,1,"[184.49914879128363, 2423.4896152536603, 228.74225400068096]",-0.5268792182638955,-0.04621782536018182,-0.32581280134202956,-30.187955519673338,-2.648086331411122,-18.667698428232615,[-0.98394107 -0.00533848  0.17841379],[1.78411166e-01 9.67989000e-04 9.83955548e-01],[-5.42551854e-03  9.99985281e-01 -2.92034457e-10]
193,48211,17,"[243.5546866897596, 2549.475182012404, 58.94385098836365]",-0.41200655400196107,-0.09381985526584802,-0.24474043517390914,-23.606236676041206,-5.375481741261325,-14.022594011660114,[-0.73716643 -0.01110161  0.67562001],[0.67554341 0.01017357 0.73725003],[-1.50581325e-02  9.99886617e-01 -1.95176778e-10]
196,27291,9,"[216.09911692499358, 3063.683778535048, 185.92473709281447]",-0.03841934031654359,0.13216038031618485,-0.07574342858588512,-2.2012660518147555,7.5722320109612316,-4.339778783821771,[-0.96917775  0.08018507 -0.23294814],[-0.24575986 -0.24857612  0.93691622],[0.01722135 0.96528766 0.26062072]
202,11410,4,"[206.50727432077124, 3579.1536371603856, 13.1091148115688]",0.014041492328081606,-0.1485549701891795,0.046000469464909655,0.8045182484644045,-8.511572817531746,2.6356327559597403,[0.19574502 0.00919479 0.98061172],[-0.97953165 -0.04601183  0.19596085],[-4.69215552e-02  9.98898575e-01 -2.29141610e-09]
206,12195,4,"[212.90217302173022, 2740.5558015580154, 3.9747437474374743]",-0.34692884964155035,-0.3230118475813078,-0.024837374796214173,-19.87755887578956,-18.507215599131964,-1.4230767500076738,[-0.9973968  -0.0485327   0.05333102],[0.053268   0.00259199 0.99857688],[-4.86018637e-02  9.98818233e-01  4.18549651e-09]
213,16955,6,"[217.80289000294897, 2663.873901503981, 136.46753170156296]",-0.17120962210787827,0.17876950436479436,-0.21130679322446916,-9.809588758811131,10.242738105748264,-12.10698743420566,[-0.90801939 -0.00223264 -0.41892219],[-0.41892093 -0.00103004  0.90802213],[-2.45879305e-03  9.99996980e-01  4.49977277e-09]
214,56722,20,"[261.9714925425761, 3532.7415112302106, 183.93411727372094]",-0.09628062859882824,-0.14419411719101316,-0.03393979103147493,-5.516473667579433,-8.261714345659843,-1.9446067836594736,[-0.07579539 -0.00314183  0.99711844],[-0.99626291 -0.0412966  -0.07586047],[-4.14159463e-02  9.99141993e-01 -3.06644153e-09]
218,79347,28,"[264.8087262278347, 2747.9784868993156, 29.34782663490743]",-0.2663658470660928,-0.04142513258553704,-0.20401467731735745,-15.261638843314259,-2.3734852629211325,-11.689179969007949,[-0.87672058 -0.01580439 -0.48074031],[-0.48066221 -0.00866476  0.87686302],[-1.80237766e-02  9.99837559e-01  3.64147099e-09]
221,3879,1,"[222.97447795823666, 2613.686259345192, 296.466099510183]",-0.14752767003348266,0.21818540118278895,-0.19391675606014436,-8.452712854317184,12.501102639142488,-11.110611699114198,[-0.99756755 -0.0057675   0.06946738],[ 0.06963301 -0.12816629  0.98930514],[0.00319755 0.99173592 0.12825615]
225,10303,3,"[227.17596816461224, 2644.1668446083663, 217.37503639716587]",-0.14173135121601943,0.24163479757400586,-0.19032178473874345,-8.120608249364281,13.844654084488518,-10.904635014927358,[-3.04413843e-01 -1.49742433e-04  9.52539860e-01],[-9.52539747e-01 -4.68561517e-04 -3.04413873e-01],[-4.91913374e-04  9.99999873e-01  3.99063668e-09]
227,95688,34,"[270.65258966641585, 2784.005413426971, 154.38666290443942]",-0.174189588722498,0.28205539549369546,-0.22451119612394965,-9.98032826891874,16.160583750682008,-12.8635439913362,[-8.34591036e-02 -1.18241872e-06  9.96511199e-01],[-9.96511206e-01 -1.41241611e-05 -8.34591053e-02],[-1.41711033e-05  9.99999999e-01 -2.63483914e-09]
234,33920,12,"[260.48623231132075, 2704.981515330189, 275.82883254716984]",-0.12698329248781182,0.13751698209295415,-0.16089944498046138,-7.275606728226904,7.879142685302391,-9.218859123377833,[-0.77997575 -0.0038314  -0.62579802],[-0.62579047 -0.00307401  0.77998516],[-4.91215331e-03  9.99987937e-01  2.27729122e-09]
237,11615,4,"[238.50047352561344, 3299.9051226861816, 266.68532070598366]",-0.3058957655217933,0.052745771849221273,-0.28624041692696567,-17.52653633532219,3.0221101141203253,-16.40036781598018,[0.67789696 0.00568414 0.73513495],[-0.73510911 -0.00616385  0.67792079],[-8.38465609e-03  9.99964847e-01 -1.96355056e-09]
238,19145,6,"[250.93058239749283, 3554.6609036301907, 255.27730477931576]",-0.15705490435376301,0.10351632952602477,-0.18042493479752564,-8.998583171301433,5.931048792526688,-10.337587282821282,[-0.9698248  -0.00682415 -0.24370739],[-0.24370136 -0.0017148   0.9698488 ],[-7.03630091e-03  9.99975248e-01 -8.37693026e-10]
240,29017,10,"[246.75776269083642, 3479.6258744873694, 239.47010373229486]",-0.20556842382674922,0.04633282388994567,-0.20296009254046277,-11.778203086429286,2.6546752618167986,-11.628756712153137,[0.68766077 0.00761431 0.72599221],[-0.72594771 -0.00803825  0.68770292],[-1.10720908e-02  9.99938702e-01 -5.34007284e-09]
241,35652,12,"[257.8975653539773, 3545.9754852462693, 280.858044429485]",-0.23815653687810046,-0.014095801874888014,-0.19984501073101846,-13.6453644265669,-0.8076299562836766,-11.450275671634003,[0.17311393 0.002798   0.98489783],[-0.98476921 -0.01591666  0.17313654],[-1.61607161e-02  9.99869410e-01  4.96608410e-09]
244,10791,3,"[258.91928458900935, 3091.9047354276713, 167.84867018811974]",-0.11723576944661085,0.25796191466115115,-0.16688675564387778,-6.717114797259569,14.780128985197875,-9.561906755025266,[-0.99114876 -0.00689462  0.13257676],[ 0.13275419 -0.05656244  0.98953374],[6.76399634e-04 9.98375252e-01 5.69770686e-02]
245,29979,10,"[258.30327896194, 3400.500650455319, 268.9028653390707]",-0.3431779874459573,-0.05111787541917623,-0.24498478416624786,-19.662650302446906,-2.9288385191943327,-14.036594177649398,[0.16611795 0.00256871 0.98610254],[-0.98598467 -0.01524644  0.1661378 ],[-1.54613082e-02  9.99880465e-01  6.32219171e-10]
247,55248,20,"[267.90377932232843, 2728.135624818998, 202.77648059658267]",-0.050560977041410826,0.20118194396322958,-0.09658877788000964,-2.896930592530694,11.526876303330484,-5.534129320851115,[3.98381117e-01 7.25642971e-04 9.17219691e-01],[-0.91721816 -0.00167071  0.39838178],[-1.82149090e-03  9.99998337e-01  4.66241052e-09]
248,3537,1,"[258.27565733672606, 2644.4614079728585, 50.89878428046367]",-0.45320496310712133,-0.14183204280280792,-0.21660451661472235,-25.966731640420235,-8.126377452319737,-12.410524625494908,[-0.39336562 -0.00608067  0.91936202],[-0.9192522  -0.01420985 -0.39341261],[-1.54562120e-02  9.99880549e-01 -2.12847556e-09]
249,6011,2,"[255.92147729163202, 3008.5027449675595, 155.58376310098154]",-0.30161635206206605,0.049648197426305274,-0.28130595026693067,-17.281344005288346,2.8446321729595674,-16.11764370221216,[-0.87642497 -0.19194448  0.44162946],[ 0.48085698 -0.39762931  0.78145217],[0.02560939 0.8972448  0.4407901 ]
256,103698,37,"[303.7145750159116, 2826.2939979556018, 268.34396998977803]",-0.07986363436844535,0.16484693334768477,-0.12074295232427601,-4.575849185887861,9.445033546496724,-6.918061574130327,[1.65849460e-01 5.80968302e-04 9.86150910e-01],[-0.98614486 -0.00345446  0.16585047],[-3.50297660e-03  9.99993866e-01  2.82756638e-09]
261,27502,10,"[277.0891207912152, 2721.8299032797613, 100.41080648680096]",-0.26762335010277005,0.18844348461514138,-0.30590006758393407,-15.333688460040747,10.797016345186059,-17.526782825326066,[ 0.07605248 -0.19003285  0.97882763],[-0.9970908  -0.0094772   0.07563154],[0.00509593 0.98173199 0.19020077]
264,18085,6,"[290.4823887199336, 2730.4890240530826, 59.512690074647494]",-0.26885360720755447,0.05013290133255366,-0.25604392258080433,-15.40417699986088,2.872403661101105,-14.670236133854484,[-0.97507673 -0.0091767  -0.22167806],[-0.22166825 -0.00208618  0.97511991],[-9.41083958e-03  9.99955712e-01  2.14435853e-09]
265,34113,12,"[331.85896872160174, 3266.6543839591945, 11.797115469175974]",-0.019789319436256392,-0.07317766851951296,-0.0067943834701229555,-1.1338444831337,-4.192771560775441,-0.38928949723149486,[-0.69693023 -0.021779    0.71680816],[0.71645841 0.02238925 0.69727044],[-3.12346542e-02  9.99512077e-01  1.07559576e-09]
266,3337,1,"[276.8019178903206, 2692.1747078213966, 77.1039856158226]",-0.6173059158995229,0.25407594730144906,-0.6373003086232556,-35.369023649500406,14.55747945616135,-36.51461796649737,[ 0.27517757 -0.07010037  0.95883431],[-0.96139341 -0.02005077  0.2744461 ],[1.34003490e-05 9.97338410e-01 7.29115559e-02]
271,5201,1,"[284.1251682368775, 2626.8646414151126, 89.01038261872716]",-0.504516732820316,0.25861405543459437,-0.550779555369179,-28.90667948433348,14.817493899164567,-31.557343964745993,[-9.13548470e-01 -5.51933773e-05 -4.06729875e-01],[-4.06729871e-01 -2.45668780e-05  9.13548469e-01],[-6.04179772e-05  1.00000000e+00 -2.81883012e-09]
281,14684,5,"[303.747139743939, 2839.1116180877143, 132.78105420866248]",-0.16610700250544808,0.23315170093009246,-0.21380559689179235,-9.517230191131162,13.358608449590687,-12.25015833817509,[-9.99978374e-01 -6.53550432e-04 -6.54379254e-03],[-6.54379281e-03 -4.28013689e-06  9.99978588e-01],[-6.53571518e-04  9.99999784e-01 -2.18238621e-09]
291,6019,2,"[300.8511380628011, 2586.0629672703108, 105.48596112311016]",-0.5771081975844121,0.11655923950925876,-0.49442526602539755,-33.065864043988825,6.678352487135042,-28.328481027888248,[-0.80859666 -0.07550859 -0.58349798],[-0.58097037 -0.05425234  0.81211459],[-9.29777621e-02  9.95668184e-01  1.49538151e-09]
295,2847,1,"[304.0133473832104, 2529.4766420793817, 121.50895679662803]",-0.4796085739965512,0.18804191716228036,-0.4981132826569262,-27.47954710829022,10.774008224947305,-28.539788815648897,[-0.95940096 -0.27977128 -0.0357469 ],[ 0.02283753 -0.20338253  0.97883297],[-0.28111965  0.93827691  0.20151468]
313,123765,45,"[372.5251565466812, 3035.3633094978386, 246.92890558720154]",-0.08745214013361258,0.25023479768427775,-0.13682518025473944,-5.010638539042645,14.337397794619141,-7.839505359713293,[-6.55739878e-01 -2.34315315e-04  7.54986854e-01],[7.54986807e-01 2.69776455e-04 6.55739920e-01],[-3.57329657e-04  9.99999940e-01  1.78774845e-09]
320,231404,84,"[477.02212580594977, 2594.140956941107, 51.09332163661821]",-0.33669771058756615,0.11013963730748347,-0.34016627286726525,-19.291357788384786,6.310536374820428,-19.490091767989824,[-0.4973845  -0.00219706  0.86752743],[-0.86751896 -0.00383202 -0.49738936],[-4.41717519e-03  9.99990241e-01 -3.69593759e-09]
323,116499,42,"[418.49746349754076, 2471.3924153855396, 250.1337007184611]",-0.08820541450821562,0.14493849379956325,-0.1254968015115029,-5.053797981522749,8.304363983698025,-7.190437069000122,[-0.86289201 -0.00402062 -0.50537236],[-0.50536687 -0.00235474  0.86290138],[-4.65942313e-03  9.99989149e-01 -2.47711398e-09]
324,2832,1,"[351.24752824858757, 2577.3901836158193, 140.42302259887006]",-0.11568696838290426,-0.29774047270492904,0.041121160887314434,-6.628375033003806,-17.05927247622252,2.3560689675215514,[0.5775685  0.04299701 0.8152091 ],[-0.81295949 -0.06052065  0.57916674],[-7.42394153e-02  9.97240452e-01  2.65826707e-09]
325,36082,13,"[406.9204312399534, 3078.976109971731, 291.37387062801395]",-0.17813102204662457,0.024035308640157238,-0.1711947711821532,-10.2061557636234,1.37712174437533,-9.808737863445227,[-0.99919759 -0.01381832 -0.03759309],[-3.75894950e-02 -5.19841928e-04  9.99293128e-01],[-1.38280974e-02  9.99904387e-01  2.16382275e-09]
329,100838,36,"[377.3985898173308, 2410.929332196196, 194.37972788036257]",-0.14524432249032104,0.15776892036189927,-0.18239509244843927,-8.32188667693245,9.039493275072424,-10.45046900119404,[0.34352538 0.00123903 0.93914257],[-0.93913646 -0.00338728  0.34352761],[-3.60677478e-03  9.99993495e-01  4.50750954e-09]
330,24835,9,"[375.9838936984095, 3106.0114757398833, 208.24175558687335]",-0.050028479155710404,-0.03358120018987831,-0.04467259718154104,-2.8664207110804227,-1.924061041863947,-2.559551278390316,[-0.99123065 -0.02390424  0.12996301],[0.12992524 0.00313324 0.99151884],[-2.41087105e-02  9.99709339e-01 -1.87131569e-09]
331,50204,18,"[390.2804159031153, 2924.7584256234563, 194.78846307067167]",-0.07056870894372791,0.19298098320602958,-0.11539246385975543,-4.043289188162717,11.056995863990512,-6.611501166779867,[ 0.7980272  -0.10456376  0.59348042],[-0.60258776 -0.12805131  0.78771241],[0.00637022 0.98623997 0.16519727]
332,89503,32,"[436.3452845156028, 3388.6297442543823, 170.17030714054277]",-0.06707635490630892,-0.17465409673136145,0.0002343596466355402,-3.8431920412531326,-10.006942617376637,0.013427818640394662,[-0.07885761 -0.00387559  0.99687836],[-0.9956766  -0.04893425 -0.07895279],[-4.90874881e-02  9.98794486e-01 -1.72900872e-09]
333,20059,7,"[379.2038486464929, 3018.846403110823, 277.9705369160975]",-0.09731413074036466,0.02891311631275456,-0.10494771280097415,-5.5756889784072,1.6565995372916884,-6.013061013046901,[-0.99863527 -0.01489853  0.05005616],[5.00505950e-02 7.46703670e-04 9.98746407e-01],[-1.49172247e-02  9.99888733e-01  1.22316685e-09]
335,60710,22,"[417.8574699390545, 2128.108977104266, 281.7388898039862]",0.03680624423563783,0.061714658943885975,0.007356768218202525,2.1088424544297624,3.5359894915739645,0.4215117697589861,[-0.63143624 -0.00805641  0.77538596],[0.77532285 0.00989224 0.63148763],[-1.27578271e-02  9.99918622e-01 -2.88288245e-09]
337,20301,7,"[395.9572927441998, 3246.701837347914, 177.99389192650608]",0.06109352344400287,-0.03638854824872223,0.04991179713261085,3.500401048924928,-2.0849102372599475,2.8597353236117655,[-0.72993148 -0.01935697  0.68324618],[0.68300606 0.01811256 0.73018809],[-2.65095695e-02  9.99648556e-01 -9.60426683e-10]
338,34294,12,"[405.2177057211174, 3157.3049804630546, 227.5565113430921]",-0.047922750207709974,0.09477573400518596,-0.07776867064264814,-2.745771329561464,5.430249558751672,-4.455816606166685,[-0.85083656 -0.00746841  0.52537737],[0.52535713 0.00461144 0.85086934],[-8.77738860e-03  9.99961476e-01 -2.71997248e-09]
339,42535,15,"[414.9441166098507, 3221.704384624427, 198.13715763488892]",-0.022742911697995805,-0.013888256184015513,-0.02799360208412094,-1.3030728541338732,-0.7957384641405554,-1.6039152527887524,[-0.58104152 -0.01265124  0.81377558],[0.81358276 0.01771445 0.58117923],[-2.17682237e-02  9.99763039e-01 -1.17232032e-09]
341,115173,41,"[406.7858178566157, 3463.486129561616, 111.1741901313676]",0.014520981553785894,0.11021502227974747,-0.021783999621431405,0.8319909574192508,6.314855615569867,-1.2481312392226016,[0.28146952 0.00219749 0.95956765],[-0.95953841 -0.0074913   0.2814781 ],[-7.80695127e-03  9.99969530e-01 -3.31901950e-09]
351,45563,16,"[446.97410179312163, 2560.3418563307946, 279.4017514211092]",-0.052676060380559164,0.14748442228345757,-0.09185810182173093,-3.01811594118233,8.45023494076731,-5.263081548468158,[-0.79572783 -0.00370977 -0.60564301],[-0.60563643 -0.00282354  0.79573648],[-4.66205260e-03  9.99989133e-01  1.64933724e-09]
355,65838,23,"[416.2413044138643, 2540.1332361250343, 181.923843373128]",-0.12591551559401193,0.10636399074146896,-0.1526636704367027,-7.214427618750591,6.094207761654735,-8.74698400099918,[0.32580275 0.00232224 0.94543491],[-0.9454109  -0.00673864  0.32581102],[-7.12756117e-03  9.99974601e-01 -1.05492702e-09]
356,11200,4,"[419.85330357142857, 3570.918035714286, 58.68767857142857]",-0.03189194643175375,-0.12124243202261326,0.0015655835866498213,-1.827273930996796,-6.9466796527975205,0.08970133198999264,[-0.75269627 -0.02992089  0.65768767],[0.65716865 0.02612352 0.75329074],[-3.97202459e-02  9.99210844e-01 -2.98334738e-09]
360,53058,19,"[455.93755889780994, 3560.8487504240643, 91.71546232424893]",-0.09032808485311739,0.08368275396942337,-0.11432573470281293,-5.175418033583199,4.7946686204795945,-6.550382088203513,[-0.1498857  -0.00140758  0.98870233],[-0.98865874 -0.00928454 -0.14989231],[-9.39062794e-03  9.99955908e-01  1.77880385e-09]
363,12380,4,"[431.08327948303713, 2644.4741518578353, 3.1036348949919224]",-0.21839089002978995,-0.20698481398579932,-0.06879933877418731,-12.512876282812655,-11.859356264686717,-3.9419117450516907,[-0.99253321 -0.04447194  0.11357854],[0.1134647  0.00508395 0.99352902],[-4.47615913e-02  9.98997695e-01  2.27115650e-09]
365,18669,6,"[442.5787669398468, 2390.6830039102256, 50.54962772510579]",-0.31026677922807333,0.03683339686564219,-0.28071998490768113,-17.776976972885876,2.1103981855316913,-16.084070360186292,[-2.49319498e-02 -2.35055468e-04  9.99689122e-01],[-0.9996447  -0.00942454 -0.02493306],[-9.42747517e-03  9.99955557e-01 -4.13908876e-10]
368,9245,3,"[431.8482422931314, 3583.308058409951, 290.8206598161168]",-0.01981181292308687,0.28972148951764237,-0.07019387615722072,-1.1351332649956163,16.599818583604627,-4.021812851472724,[2.13221377e-01 3.16518953e-08 9.77003910e-01],[-9.77003910e-01 -1.59114814e-07  2.13221371e-01],[-1.66300503e-07  1.00000000e+00  1.69559849e-13]
369,10607,3,"[435.1668709342887, 3165.2201376449516, 262.999434335816]",-0.20781316698634278,0.07497748250463337,-0.21612634915027207,-11.906817395564858,4.295893306031461,-12.383127647881434,[0.58516216 0.00502802 0.81090071],[-0.81087077 -0.00696744  0.58518377],[-8.59221600e-03  9.99963088e-01  2.69664516e-09]
370,28360,10,"[445.6322284908322, 3357.803808180536, 232.0583568406206]",-0.1942020332710368,-0.021964312447411427,-0.16327754554296325,-11.126956879289594,-1.2584624031433371,-9.35511424886688,[0.70916248 0.01312317 0.70492295],[-0.70480227 -0.01304249  0.7092839 ],[-1.85020139e-02  9.99828823e-01 -3.52772941e-10]
371,30970,11,"[452.0500807232806, 3278.5352599289636, 262.13161123668067]",-0.289989154060714,-0.0019698737729702542,-0.24367620102408688,-16.615154632247936,-0.11286545336470866,-13.961617886461607,[0.15767843 0.00208435 0.98748831],[-0.98740205 -0.01305246  0.15769221],[-1.32178387e-02  9.99912642e-01  2.26040253e-09]
373,9030,3,"[441.7611295681063, 2555.6447397563675, 216.30498338870433]",-0.21880236713982604,0.18798577533954858,-0.25894409248428846,-12.536452184583965,10.770791535450602,-14.836403629194987,[-9.87510791e-02 -1.88218262e-04  9.95112153e-01],[-0.99511034 -0.00189667 -0.09875125],[-1.90598625e-03  9.99998183e-01  2.65110222e-09]
374,13654,4,"[450.2413212245496, 2626.039402372931, 139.02226453786437]",-0.07799388905420823,0.14515391335684857,-0.11576818933271227,-4.468720670617714,8.31670661515505,-6.6330286506358505,[0.65025057 0.00305416 0.75971367],[-0.75970529 -0.00356826  0.65025774],[-4.69684446e-03  9.99988965e-01  3.57291728e-09]
378,32745,11,"[471.884959535807, 3445.4735074057107, 248.47533974652617]",-0.10909892777691921,-0.05027401185915442,-0.0856080184427711,-6.250908111020053,-2.8804886987201996,-4.9049781492488975,[-0.99964817 -0.0249959   0.00887376],[8.87098982e-03 2.21820205e-04 9.99960629e-01],[-2.49968882e-02  9.99687528e-01  4.79079983e-09]
379,6221,2,"[449.1130043401382, 2912.616138884424, 171.15094036328566]",-0.214288757230908,0.22961866040080048,-0.2610878068334769,-12.277841386434531,13.156180138413589,-14.959229413885119,[-0.86003775 -0.05518306  0.50723753],[ 0.51022637 -0.09697675  0.85455519],[0.00203327 0.99375568 0.11155952]
380,50729,18,"[468.44643103550237, 3424.1023477695203, 276.2800173470796]",-0.2604865215279193,0.02323631131432924,-0.23604579113957608,-14.924778303593428,1.331342569763148,-13.52442760412423,[0.74979789 0.00889106 0.66160718],[-0.66156068 -0.00784475  0.74985061],[-1.18571025e-02  9.99929704e-01 -4.27774477e-09]
383,18596,6,"[468.50231232523123, 2349.9804258980425, 135.69590234459022]",-0.14818871875672546,0.29029809185743294,-0.19857107635787857,-8.490588156211501,16.632855464131996,-11.377284608676444,[4.62871550e-01 2.80047194e-09 8.86425365e-01],[-8.86425363e-01 -1.26540852e-08  4.62871545e-01],[-1.39853281e-08  1.00000000e+00 -3.75681579e-13]
385,107591,39,"[499.16510674684685, 2714.177951687409, 158.1384316532052]",-0.06963734213635497,0.2525193219969626,-0.11917518456557952,-3.989925800921668,14.468291395931004,-6.828235098300333,[3.85465993e-01 1.24873959e-04 9.22722032e-01],[-9.22721983e-01 -2.98914189e-04  3.85466010e-01],[-3.23954091e-04  9.99999950e-01 -1.96565262e-09]
392,3272,1,"[460.0366748166259, 2388.7802567237163, 70.56662591687042]",-0.03871606427968466,-0.15459766244500522,0.010402557136465873,-2.2182670825831394,-8.857793580686948,0.5960226200631951,[-0.968522   -0.04479917 -0.24486357],[-0.24460205 -0.01131412  0.96955754],[-4.62057965e-02  9.98931942e-01  4.68863228e-10]
393,7332,2,"[464.8626568466994, 3462.705537370431, 227.88270594653574]",-0.07117851578423773,-0.15674114704351644,-0.010995531926374147,-4.0782285464421335,-8.980606201632934,-0.6299975728825871,[-0.36356493 -0.01643038  0.93142396],[-0.93047426 -0.04205041 -0.36393601],[-4.51463667e-02  9.98980388e-01  1.48691595e-09]
396,51657,18,"[504.75482509630837, 2698.0963664169426, 283.44857424937567]",-0.012390835196354644,0.15957743082812045,-0.054598700289315794,-0.7099425613932766,9.143113291992135,-3.128275093477498,[0.70570339 0.00285007 0.70850166],[-0.70849588 -0.00286135  0.70570915],[-4.03858691e-03  9.99991843e-01 -3.35340693e-09]
397,8135,2,"[466.50473263675474, 3220.2073755377996, 292.8542102028273]",-0.23036713112872453,0.10510694285662847,-0.24678492466211388,-13.199064352212716,6.022184223207526,-14.139734630593107,[-0.91219772 -0.00555498  0.40971266],[0.40970506 0.00249496 0.91221464],[-6.08954535e-03  9.99981461e-01  2.93797721e-09]
398,57592,20,"[484.3160334768718, 2638.0955341019585, 208.28693221280733]",-0.044389899135544475,0.19118084807795746,-0.08950519821748215,-2.543353873478125,10.953855718598739,-5.128270102343585,[3.55730427e-01 8.05592729e-04 9.34588258e-01],[-0.93458586 -0.00211648  0.35573134],[-2.26461041e-03  9.99997432e-01 -1.27758280e-09]
400,85167,31,"[589.5715241819014, 2375.0751817018327, 14.871851773574273]",-0.07018985743679806,0.02416684290901505,-0.08002018090999885,-4.021582595753458,1.3846581028422218,-4.584818642016252,[-0.9235635  -0.01471678  0.38316301],[0.38311438 0.00610484 0.92368074],[-1.59327578e-02  9.99873067e-01  3.92405968e-09]
408,79700,29,"[521.0873023839398, 3551.7546047678798, 167.293626097867]",-0.08006492621563766,-0.10814949964222192,-0.03922344593369598,-4.587382359182385,-6.196509885950924,-2.2473379099603505,[0.21201778 0.00752248 0.97723685],[-0.97662233 -0.034651    0.21215119],[-3.54581432e-02  9.99371161e-01  1.26121876e-09]
409,44319,16,"[504.0383808298924, 2755.975021999594, 18.196236377174575]",-0.21135391136078763,-0.06587036796035084,-0.15277416512062236,-12.109687104555235,-3.7740940791018645,-8.75331488004641,[0.24995712 0.00583081 0.96823935],[-0.96797602 -0.0225802   0.25002512],[-2.33208846e-02  9.99728028e-01 -1.66701254e-09]
411,42851,15,"[501.2721756785139, 2705.7624326153414, 250.25369302933422]",-0.12527392615194977,0.10951065634515827,-0.15285768513502596,-7.177667251540271,6.274498420285118,-8.758100224376605,[-0.3836856  -0.00264429  0.92346   ],[-0.92343807 -0.00636418 -0.38369472],[-6.89167142e-03  9.99976256e-01 -1.85620445e-09]
412,7045,2,"[492.26160397444994, 2455.754009936125, 96.13356990773599]",0.039027841864496704,0.11128047161754626,0.001405799195174251,2.236130622339644,6.375901365910744,0.08054636072637322,[ 0.21755992 -0.27651752  0.93605862],[-0.97577079 -0.03880537  0.21532652],[0.02321745 0.96022508 0.27826021]
419,300379,109,"[560.2665266213684, 2297.4282090292595, 234.603417682328]",-0.10994815868751484,0.2875740821390483,-0.16032456585664845,-6.299565458029235,16.476781203915934,-9.185920975853175,[-1.56722681e-01 -3.05792891e-07  9.87642644e-01],[-9.87642650e-01 -1.88637911e-06 -1.56722678e-01],[-1.91517366e-06  1.00000000e+00 -1.99750149e-09]
421,25580,9,"[539.619429241595, 3155.5053948397185, 7.445230648944488]",-0.12671869657923285,-0.10664851167214523,-0.07311871049153662,-7.260446499388905,-6.1105096101656216,-4.189393514603978,[-0.86332127 -0.02869     0.50383854],[0.50356056 0.0167344  0.86379785],[-3.32138030e-02  9.99448265e-01 -3.66978615e-10]
429,39088,14,"[525.3685785918952, 2523.393982808023, 110.19097932869423]",-0.19741356231186447,0.03924344209098257,-0.19329089098352603,-11.310963939112725,2.2484836053793504,-11.074752271679337,[0.62972229 0.00749248 0.77678421],[-0.77672924 -0.00924158  0.62976685],[-1.18972373e-02  9.99929222e-01 -4.35917053e-09]
433,163020,59,"[570.0018832045148, 2906.479364495154, 249.5367439577966]",-0.1623723161523971,0.18136522953270007,-0.20323150198128437,-9.303248425296232,10.391462202645148,-11.64430732763222,[-0.68867546 -0.0016378   0.72506787],[0.72506583 0.00172434 0.68867741],[-2.37817366e-03  9.99997178e-01  4.03213037e-09]
437,12306,4,"[545.9259710710222, 3516.0293352836015, 205.8690069884609]",-0.11238842944274285,-0.09973822462905985,-0.06630405301003195,-6.439382673173,-5.714579327372892,-3.79894240208651,[-0.41777058 -0.01365913  0.90844987],[-0.9079647  -0.02968618 -0.41799382],[-3.26778420e-02  9.99465942e-01  1.90041121e-10]
444,227734,82,"[608.5848050796104, 2236.065651154417, 90.98734488482177]",0.04324112938221614,0.17941119338290284,-0.0023053602952690655,2.4775342149801105,10.279504178245777,-0.13208741517594547,[2.62011033e-02 7.87921342e-05 9.99656689e-01],[-0.99965217 -0.00300594  0.02620122],[-3.00697102e-03  9.99995482e-01 -1.67922424e-09]
