ID,Pixels,ZDiscs,Centroid,Azi_[RAD],Ele_[RAD],Sph_[RAD],Azi_[DEG],Ele_[DEG],Sph_[DEG],PC1_ROT,PC2_ROT,PC3_ROT
323,116499,42,"[418.49746349754076, 2471.3924153855396, 250.1337007184611]",-0.10599704283906242,0.1510430853362873,-0.14306803965426385,-6.073183195545653,8.654131314403596,-8.19719485539962,[-0.86289201 -0.00402062 -0.50537236],[-0.50536687 -0.00235474  0.86290138],[-4.65942313e-03  9.99989149e-01 -2.47711398e-09]
329,100838,36,"[377.3985898173308, 2410.929332196196, 194.37972788036257]",-0.16303595082116784,0.16387351189862331,-0.19996633059120023,-9.341271890955355,9.389260605777995,-11.457226787593537,[0.34352538 0.00123903 0.93914257],[-0.93913646 -0.00338728  0.34352761],[-3.60677478e-03  9.99993495e-01  4.50750954e-09]
335,60710,22,"[417.8574699390545, 2128.108977104266, 281.7388898039862]",0.019014615904791032,0.06781925048061002,-0.010214469924558434,1.0894572404068583,3.885756822279536,-0.5852460166405109,[-0.63143624 -0.00805641  0.77538596],[0.77532285 0.00989224 0.63148763],[-1.27578271e-02  9.99918622e-01 -2.88288245e-09]
365,18669,6,"[442.5787669398468, 2390.6830039102256, 50.54962772510579]",-0.32805840755892013,0.042937988402366234,-0.2982912230504421,-18.79636218690878,2.4601655162372627,-17.09082814658579,[-2.49319498e-02 -2.35055468e-04  9.99689122e-01],[-0.9996447  -0.00942454 -0.02493306],[-9.42747517e-03  9.99955557e-01 -4.13908876e-10]
383,18596,6,"[468.50231232523123, 2349.9804258980425, 135.69590234459022]",-0.16598034708757226,0.296402683394157,-0.21614231450063953,-9.509973370234405,16.982622794837567,-12.38404239507594,[4.62871550e-01 2.80047194e-09 8.86425365e-01],[-8.86425363e-01 -1.26540852e-08  4.62871545e-01],[-1.39853281e-08  1.00000000e+00 -3.75681579e-13]
392,3272,1,"[460.0366748166259, 2388.7802567237163, 70.56662591687042]",-0.05650769261053146,-0.14849307090828118,-0.007168681006295086,-3.2376522966060435,-8.508026249981377,-0.4107351663363019,[-0.968522   -0.04479917 -0.24486357],[-0.24460205 -0.01131412  0.96955754],[-4.62057965e-02  9.98931942e-01  4.68863228e-10]
400,85167,31,"[589.5715241819014, 2375.0751817018327, 14.871851773574273]",-0.08798148576764486,0.030271434445739098,-0.09759141905275981,-5.040967809776362,1.734425433547793,-5.591576428415749,[-0.9235635  -0.01471678  0.38316301],[0.38311438 0.00610484 0.92368074],[-1.59327578e-02  9.99873067e-01  3.92405968e-09]
412,7045,2,"[492.26160397444994, 2455.754009936125, 96.13356990773599]",0.021236213533649906,0.1173850631542703,-0.016165438947586708,1.21674540831674,6.7256686966163155,-0.9262114256731238,[ 0.21755992 -0.27651752  0.93605862],[-0.97577079 -0.03880537  0.21532652],[0.02321745 0.96022508 0.27826021]
419,300379,109,"[560.2665266213684, 2297.4282090292595, 234.603417682328]",-0.12773978701836164,0.29367867367577233,-0.1778958039994094,-7.318950672052139,16.826548534621505,-10.192678762252672,[-1.56722681e-01 -3.05792891e-07  9.87642644e-01],[-9.87642650e-01 -1.88637911e-06 -1.56722678e-01],[-1.91517366e-06  1.00000000e+00 -1.99750149e-09]
429,39088,14,"[525.3685785918952, 2523.393982808023, 110.19097932869423]",-0.21520519064271126,0.04534803362770662,-0.210862129126287,-12.330349153135629,2.5982509360849217,-12.081510058078834,[0.62972229 0.00749248 0.77678421],[-0.77672924 -0.00924158  0.62976685],[-1.18972373e-02  9.99929222e-01 -4.35917053e-09]
444,227734,82,"[608.5848050796104, 2236.065651154417, 90.98734488482177]",0.02544950105136934,0.1855157849196269,-0.019876598438030024,1.4581490009572065,10.629271508951348,-1.1388452015754424,[2.62011033e-02 7.87921342e-05 9.99656689e-01],[-0.99965217 -0.00300594  0.02620122],[-3.00697102e-03  9.99995482e-01 -1.67922424e-09]
449,2840,1,"[552.9947183098592, 2485.4158450704226, 131.67676056338027]",0.20162163326152305,-0.706083955403805,0.4003443615814193,11.552068644419762,-40.455630626541456,22.938042270474703,[-0.91104226 -0.28163736  0.30113517],[0.28770155 0.08893935 0.95358146],[ 2.95346927e-01 -9.55390072e-01 -2.37978459e-09]
464,56625,20,"[594.7952671081678, 2396.2405651214126, 180.3268344370861]",-0.08356817345829226,0.1250419585880619,-0.11692567275020505,-4.788103640777322,7.1643764891455675,-6.699347565314568,[0.35200377 0.00233313 0.93599567],[-0.93597512 -0.00620375  0.3520115 ],[-6.62797341e-03  9.99978035e-01  5.24266819e-09]
466,98380,35,"[662.5842346005286, 2412.756413905265, 52.93070746086603]",-0.17151458812408604,0.03916621513841001,-0.1720158721188194,-9.827062024434753,2.2440588269322888,-9.855783481670443,[-0.8264712  -0.01108264  0.56286991],[0.56281931 0.00754718 0.8265455 ],[-1.34083949e-02  9.99910102e-01 -5.06648733e-09]
470,7473,2,"[601.0321156162183, 2410.8279138230964, 3.904723671885454]",-0.11510060831953295,0.1729740334011329,-0.15549703463612286,-6.594779076097609,9.910682079239848,-8.909323811449422,[-0.93051872 -0.00309555  0.36623125],[0.36622922 0.00121833 0.93052387],[-3.32667197e-03  9.99994463e-01 -5.34836475e-09]
484,9013,3,"[607.0621324753134, 2396.8475535337843, 216.11461222678352]",0.026055106657939753,0.1968250360247386,-0.020213107042230116,1.492847646263158,11.27724386672791,-1.1581257243659522,[-6.33196792e-02 -1.53633334e-04  9.97993279e-01],[-0.99799034 -0.00242144 -0.06331986],[-2.42630355e-03  9.99997054e-01 -2.60395046e-09]
490,16090,5,"[632.633374766936, 2472.8537600994405, 140.78570540708515]",-0.0405172268458216,0.2362564067693229,-0.0888718479738505,-2.3214660958397246,13.536494990808215,-5.091981806429914,[ 0.62727625 -0.07904373  0.77477519],[-0.77879265 -0.06040565  0.62436621],[0.00255144 0.99503932 0.0994497 ]
491,50537,18,"[671.749569622257, 2540.776718048163, 284.87458693630407]",0.03261803296073573,0.168089472140299,-0.011239170273858456,1.8688756246687603,9.630817334220968,-0.6439570219209827,[-0.81742921 -0.00330183 -0.57601961],[-0.5760149  -0.00232669  0.81743588],[-4.03924523e-03  9.99991840e-01  3.01583836e-09]
493,240732,87,"[696.0599961783228, 2104.934894405397, 216.90187428343552]",-0.047084897757790234,0.2382294891227441,-0.09551621536141641,-2.6977659203263755,13.649544282290991,-5.4726760152718015,[-1.74360959e-01 -1.38210007e-04  9.84681797e-01],[-9.84681487e-01 -7.80535605e-04 -1.74361014e-01],[-7.92675395e-04  9.99999688e-01  3.27877554e-09]
495,61223,22,"[655.3387125753393, 2478.9245871649546, 211.76271989285073]",0.01764879846137868,0.2405084727138658,-0.031242848510779964,1.0112016653139904,13.780120423641833,-1.7900833596342807,[4.07788211e-01 3.11501436e-04 9.13076489e-01],[-9.13076228e-01 -6.97490070e-04  4.07788329e-01],[-7.63883970e-04  9.99999709e-01  2.55676336e-10]
497,111846,40,"[678.9654524971836, 2564.5245426747492, 163.13025052304062]",-0.008831331565115619,0.16590076760995162,-0.051433258677888505,-0.5059980261617909,9.505413802030898,-2.946908648847632,[0.44478102 0.00181667 0.89563751],[-0.89563004 -0.00365812  0.44478473],[-4.08437494e-03  9.99991663e-01  3.76360819e-10]
502,4655,1,"[668.5991407089151, 2099.3744360902256, 1.9535982814178303]",-0.037181644664530555,-0.31589185886682586,0.08613559418870409,-2.130351314632705,-18.09927029561137,4.93520601286432,[-0.8182468  -0.07392194  0.57009449],[0.56778217 0.0512945  0.82157914],[-8.99754375e-02  9.95943988e-01 -3.36148774e-09]
515,41814,15,"[679.9227770603147, 2549.4884249294496, 251.77722772277227]",-0.04841792867474881,0.1690944282089872,-0.09031743853890495,-2.7741429658285455,9.68839707555286,-5.174808044711462,[-0.26445396 -0.00099884  0.96439779],[-0.96439091 -0.0036425  -0.26445584],[-3.77696942e-03  9.99992870e-01 -1.97252300e-09]
524,37951,13,"[701.9179204764038, 2629.3702932729047, 14.194434929250876]",-0.05321278486113812,-0.08398873905860788,-0.0306111044026266,-3.048867988680854,-4.8122002746838,-1.7538870885048397,[0.08756081 0.00295946 0.99615478],[-0.99558628 -0.03364968  0.08761082],[-3.37795810e-02  9.99429307e-01  4.35837908e-09]
529,225812,82,"[756.5495279258853, 2085.036007829522, 93.98101075230723]",0.07068313892211187,0.2300483840312525,0.021992477748359773,4.049845542973884,13.180801488795533,1.260076156016389,[6.02947081e-03 6.62439410e-06 9.99981821e-01],[-0.99998122 -0.00109844  0.00602947],[-1.09845459e-03  9.99999395e-01 -6.05005844e-10]
533,43804,15,"[707.5928910601772, 2402.8452424436123, 103.69427449547986]",-0.047644048441192854,-0.069273028489786,-0.031590628344705385,-2.7298028945971993,-3.969052166554249,-1.8100096763179678,[0.50045224 0.01569687 0.86562185],[-0.86519636 -0.02713721  0.50069834],[-3.13499518e-02  9.99508469e-01  1.19288448e-09]
539,37669,13,"[712.0972152167565, 2588.590299715947, 102.44017627226631]",-0.049793710326868634,0.2072713649451482,-0.09587142581926655,-2.852969448026556,11.875774425272834,-5.493028075345528,[-0.49177547 -0.12596703  0.86156206],[-0.87070443  0.07743877 -0.48567174],[0.00553968 0.98900735 0.14776254]
543,50312,18,"[729.4425584353634, 2728.6771346795995, 235.1500238511687]",-0.008997702621426296,0.14010495254994082,-0.04832604048945399,-0.5155303855215152,8.02742246999227,-2.7688781606240482,[0.71665886 0.00419826 0.69741125],[-0.69739928 -0.00408544  0.71667115],[-5.85799961e-03  9.99982841e-01 -1.51961107e-09]
544,62760,22,"[762.0732950924156, 2213.575621414914, 280.78573932441043]",0.0017052503508008243,0.1287654674234974,-0.03646127553909606,0.09770364811409138,7.377717830395692,-2.089077204053794,[-0.91505998 -0.00620827 -0.40327001],[-0.40326073 -0.00273594  0.91508103],[-6.78438923e-03  9.99976982e-01 -2.27693822e-09]
545,56445,20,"[738.7123394454779, 2212.9709628842234, 180.3646735760475]",-0.0009510566543120547,0.07304555050350842,-0.029681241518329626,-0.05449153236990867,4.185201756060739,-1.7006098697087637,[0.50795311 0.006116   0.86136301],[-0.86130058 -0.01037048  0.50798993],[-1.20396209e-02  9.99927517e-01 -9.24247823e-10]
548,135918,49,"[776.3724598655072, 2222.55343663091, 26.271229712032255]",-0.04205533878695267,0.04779130532790701,-0.061733369746327815,-2.4095934184852155,2.738240092710157,-3.5370615415851887,[-0.94313676 -0.01367354 -0.3321236 ],[-0.3320887  -0.0048146   0.94323587],[-1.44964068e-02  9.99894919e-01  3.74116798e-09]
551,49146,17,"[725.3044805274081, 2572.1657713750865, 58.5781955805152]",-0.03467379874403065,0.2367144856106848,-0.08309184292312821,-1.9866623277189603,13.562740975102496,-4.760811911459228,[6.26842143e-02 5.28069523e-05 9.98033406e-01],[-9.98033058e-01 -8.40723477e-04  6.26842430e-02],[-8.42373971e-04  9.99999644e-01 -3.27565730e-10]
552,134800,49,"[770.7624777448071, 2775.970578635015, 266.62433234421366]",-0.14564461864927747,0.1409651991688878,-0.17872141662647312,-8.34482195739595,8.076710970598333,-10.239982881296129,[0.63076271 0.00320334 0.77596917],[-0.77595916 -0.00394074  0.63077085],[-5.07847096e-03  9.99987103e-01 -4.11835684e-09]
555,46770,17,"[750.5816121445371, 2652.2551635663885, 192.18890314304042]",-0.011279937615342295,0.2322704813956442,-0.059589557945229354,-0.6462928185299717,13.308118289442321,-3.414230173311907,[7.62577257e-01 7.53307142e-04 6.46896712e-01],[-6.46896406e-01 -6.39032084e-04  7.62577624e-01],[-9.87840527e-04  9.99999514e-01 -2.30937318e-09]
568,28062,10,"[750.5791105409451, 2810.9206400114035, 204.05566246169198]",-0.04574083095870707,-0.005122386126391099,-0.05078021805149735,-2.6207565653552507,-0.29349110607857654,-2.9094921771048377,[0.10862402 0.00231368 0.99408021],[-0.99385479 -0.02116903  0.10864866],[-2.12950933e-02  9.99773233e-01 -4.33039608e-09]
572,30388,11,"[780.8466499934185, 2879.1582861655916, 224.97426615769382]",-0.06094624260652903,0.045795437201999134,-0.07812723195902693,-3.4919624785345036,2.6238852726309503,-4.476360656291845,[-0.97281858 -0.01410327  0.23113871],[0.23111442 0.00335054 0.97292081],[-1.44958022e-02  9.99894925e-01 -2.96653578e-09]
577,11214,4,"[754.1346531121812, 2211.726859283039, 215.47458533975387]",0.04213638581851065,0.2171308754378785,-0.005694702040126898,2.414237071335549,12.44068276457123,-0.32628239248381163,[-1.85199637e-01 -2.87116846e-04  9.82700875e-01],[-0.9826997  -0.00152348 -0.18519986],[-1.55028602e-03  9.99998797e-01 -1.77436627e-09]
584,16765,6,"[767.558186698479, 2289.0416940053683, 143.06579182821355]",0.033352700591305684,0.2546947173946984,-0.01613893678362921,1.9109689792452969,14.592932370993454,-0.9246929635303971,[ 0.67633025 -0.04910021  0.73496025],[-0.7365974  -0.04333684  0.67494162],[0.00128893 0.99785324 0.0654771 ]
588,104193,37,"[808.7291276765234, 1902.9268760857256, 170.83658211204207]",0.11454297852989237,0.070423109158195,0.07882022714236003,6.562829242620438,4.03494693495367,4.516066355519726,[0.47409009 0.0061041  0.88045518],[-0.88038221 -0.01133528  0.47412938],[-1.28743392e-02  9.99917126e-01 -3.64650667e-10]
601,55753,20,"[809.5414417161409, 2297.871002457267, 215.22843613796567]",0.10641506320726712,0.16297948481406702,0.06143400651863673,6.097133998394298,9.338036627062532,3.5199092920970685,[0.58879091 0.00263057 0.8082811 ],[-0.80827303 -0.00361115  0.58879679],[-4.46769070e-03  9.99990015e-01 -1.72602082e-09]
604,221178,80,"[882.5786741900189, 1912.5811608749514, 95.73990631979673]",0.03970954481107292,0.2791198656038562,-0.010337977925579223,2.2751893240601078,15.992390277359718,-0.5923225038350992,[ 0.01199457 -0.02725552  0.99955653],[-9.99928040e-01 -1.01004067e-04  1.19962748e-02],[2.26009093e-04 9.99628494e-01 2.72547666e-02]
605,8401,3,"[795.1012974645876, 2650.8259730984405, 168.83228187120582]",0.042708900252603765,0.046748872550130105,0.015503152070266646,2.447039732119407,2.6785130941174415,0.8882651827757826,[-0.60208158 -0.27501859  0.7495749 ],[ 0.79715029 -0.26027819  0.54479968],[0.04526796 0.9255377  0.37593985]
606,49778,18,"[837.6491421913295, 2379.283498734381, 286.378279561252]",0.07013287571646964,0.16091213295806242,0.026096989901666867,4.018317783669261,9.219586090944933,1.4952473793610395,[-0.85067402 -0.00388658 -0.52567919],[-0.5256737  -0.00240172  0.8506829 ],[-4.56878270e-03  9.99989556e-01  3.17529418e-09]
607,119737,43,"[829.860427436799, 2388.4719176194494, 165.04794674996032]",0.020189584609752842,0.1192149583379564,-0.017424207452871987,1.1567779882611262,6.830513967592847,-0.9983335484099598,[0.51009373 0.00390703 0.86010995],[-0.86008472 -0.00658776  0.51010869],[-7.65919986e-03  9.99970667e-01 -1.02130045e-09]
610,5506,2,"[798.7317471848892, 2320.3505266981474, 3.0915365056302218]",-0.12407078236332225,-0.3970702642451492,0.09740272135071992,-7.108732190304536,-22.750450311391404,5.580764846485046,[-0.60354304 -0.06359407  0.79479028],[-0.79041464 -0.08328435 -0.60688418],[-1.04787824e-01  9.94494598e-01 -3.50219495e-10]
611,133829,48,"[869.0853028865193, 1957.9236712521201, 239.9295145297357]",0.012723813536243522,0.2791819837655571,-0.037312803249142656,0.7290208149381812,15.99594938585629,-2.1378661479779026,[-6.59709527e-01 -4.87172591e-05  7.51520680e-01],[7.51520680e-01 5.55010711e-05 6.59709534e-01],[-7.38565145e-05  9.99999997e-01  4.11002417e-10]
612,3456,1,"[791.7702546296297, 2276.4950810185187, 194.56076388888889]",0.009091496353789363,-0.09260801768689608,0.021207434897531963,0.5209043705307153,-5.306048562532023,1.2150965139270369,[-0.99276092 -0.03681307  0.11432651],[0.11424799 0.00423649 0.99344323],[-3.70560374e-02  9.99313190e-01 -1.79051811e-09]
633,30933,11,"[824.7474541751527, 2925.217373032037, 269.02592700352375]",-0.1797529837455656,0.027875876613737305,-0.17456933040505318,-10.299087323504594,1.5971700801945818,-10.002085864634346,[0.6531728  0.00942649 0.75715021],[-0.75707138 -0.01092594  0.65324081],[-1.44303451e-02  9.99895881e-01  5.18474697e-09]
634,45244,16,"[842.9388648218548, 2373.236384935019, 253.85186986119706]",-0.04783983161369543,0.1336329558148768,-0.08456470697644147,-2.741020444081272,7.656604372050655,-4.845200805510608,[-1.31077536e-01 -8.09558494e-04  9.91371791e-01],[-0.99135288 -0.00612273 -0.13108004],[-6.17601849e-03  9.99980930e-01 -4.97378226e-10]
635,4767,1,"[823.0866372980911, 2207.061883784351, 67.02978812670443]",-0.06054848650857192,-0.05181383021914482,-0.04799843721622288,-3.4691727328459763,-2.968713791964401,-2.7501078757132333,[-0.98827542 -0.02776365 -0.15013618],[-0.15007696 -0.00421612  0.98866533],[-2.80819514e-02  9.99605624e-01  3.89778663e-11]
639,40158,14,"[868.0369540315753, 2429.5720653418994, 109.8435181034912]",0.09994353445675319,0.25714347681037664,0.05024499295670026,5.726342713992295,14.733235950554736,2.8788260380834743,[-0.91704017 -0.02215904  0.39817874],[ 0.39879315 -0.05387674  0.9154569 ],[0.00116692 0.99830169 0.05824401]
642,9932,3,"[838.6004832863472, 2928.6603906564637, 290.06222311719694]",-0.14031915032418807,-0.07360052994633648,-0.10045945264788303,-8.039695098437733,-4.2169997358513065,-5.755902648918038,[-0.06543635 -0.00189912  0.99785494],[-0.99743495 -0.02894794 -0.06546391],[-2.90101706e-02  9.99579117e-01 -3.42737983e-09]
644,35021,12,"[856.7725650324091, 2315.8711630164757, 54.258644813112134]",-0.06889460348864329,-0.006270315259603976,-0.07004480656690049,-3.9473700111265373,-0.3592626005917836,-4.0132717930936295,[0.74277818 0.01561644 0.66935544],[-0.66920756 -0.01406967  0.74294232],[-2.10197242e-02  9.99779058e-01 -2.15279832e-09]
645,29563,10,"[863.8917904136928, 2454.3354192740926, 9.52498055001184]",-0.022507723714138006,-0.06581049184604698,-0.012701404715591114,-1.289597575266626,-3.770663430458608,-0.7277368840909304,[0.18860453 0.00592239 0.98203527],[-0.98155146 -0.03082181  0.18869749],[-3.13856526e-02  9.99507355e-01  1.65576256e-09]
648,41356,15,"[861.4332382241996, 2264.0028774542993, 89.53885772318407]",-0.045608366901056296,-0.008646094916456515,-0.04962680514165185,-2.613166933914684,-0.4953847479824738,-2.843406485334789,[0.61127133 0.01332943 0.79130885],[-0.79112078 -0.01725125  0.61141665],[-2.18009112e-02  9.99762328e-01 -3.28301019e-09]
653,79744,29,"[907.9108522271268, 1639.5012289325844, 277.9801489767255]",0.1076833027551718,-0.014110979451745276,0.08562404893618014,6.169798771900815,-0.8084995673808315,4.905896628864745,[-1.27845790e-02 -3.12370925e-04  9.99918222e-01],[-0.99961988 -0.02442465 -0.0127884 ],[-2.44266476e-02  9.99701630e-01  1.67332428e-10]
654,58608,21,"[889.2779825279825, 2044.1778426153426, 177.83930521430523]",-0.0377205831260663,0.09623527122679812,-0.06831885438650498,-2.1612302138959905,5.513874881592301,-3.914382017515571,[0.61468601 0.00579022 0.78875065],[-0.78871565 -0.00742955  0.61471328],[-9.41938671e-03  9.99955641e-01 -3.82933862e-09]
659,269918,98,"[973.1996865714773, 2109.209634037004, 35.29824613401107]",-0.12622569171515785,0.09348211240640342,-0.14934735726688542,-7.232199401397978,5.356130500854469,-8.556973252825,[0.4199753  0.00372457 0.90752789],[-0.90749221 -0.00804814  0.41999181],[-8.86820783e-03  9.99960679e-01 -2.01511332e-09]
660,107240,39,"[962.0899571055576, 2120.6705893323387, 268.67826370757183]",-0.021627435320641375,0.09888173838891151,-0.05375878740395035,-1.2391607655649182,5.665506280601363,-3.080151629987405,[-0.87522913 -0.00812382 -0.48364033],[-0.48361949 -0.00448892  0.87526683],[-9.28153760e-03  9.99956926e-01  2.15391278e-09]
661,48103,17,"[905.1430472111927, 2484.4324678294493, 193.99407521360413]",-0.017440680703724176,0.23439595075577002,-0.06583225221546873,-0.9992773961586465,13.4298987132619,-3.7719102077871227,[-8.31092048e-01 -7.64581797e-04 -5.56134356e-01],[-5.56134123e-01 -5.11622246e-04  8.31092398e-01],[-9.19964825e-04  9.99999572e-01 -2.69972322e-09]
662,48808,17,"[891.1467382396329, 2415.48938698574, 65.9461973446976]",0.08136951802247028,0.2696714193414661,0.03143956720050112,4.662129963701233,15.451034183568607,1.8013545103066448,[ 0.14025491 -0.04014405  0.98930128],[-0.99011528 -0.00513928  0.14016176],[5.42367181e-04 9.99180680e-01 4.04680453e-02]
665,83306,30,"[927.429524884162, 2619.151177586248, 238.06189230067463]",-0.16471622372692263,0.1296130434543582,-0.1939539342286965,-9.43754443688529,7.426280359780467,-11.112741851262268,[-0.99740091 -0.00568081  0.07182734],[7.18261720e-02 4.09090368e-04 9.97417081e-01],[-5.69551316e-03  9.99983777e-01  1.39240727e-09]
670,9552,3,"[904.5843802345058, 2887.763609715243, 4.234087102177554]",0.06828983866126581,-0.1200140898317621,0.07662273713844481,3.912719538919845,-6.876300829463894,4.390159452773197,[-0.85326012 -0.03745283  0.52013889],[0.51963854 0.02280891 0.85408169],[-4.38515787e-02  9.99038059e-01  4.64733636e-09]
674,7538,2,"[892.8542053595118, 2031.3352348102944, 205.750596975325]",0.015055131314667403,0.1663195134692301,-0.028205326611194237,0.8625954843456896,9.529406172456135,-1.6160461746094583,[-0.96298898 -0.00396308 -0.26951164],[-0.26950935 -0.00110914  0.96299713],[-4.11537257e-03  9.99991532e-01  1.56834132e-09]
675,109646,39,"[933.3388176495266, 2586.1063878299256, 273.54749831275194]",-0.020077319817516592,0.13217546053541782,-0.057812959470256,-1.1503456894780584,7.573096043877415,-3.3124385788065567,[0.35646718 0.00228865 0.93430504],[-0.93428578 -0.00599846  0.35647452],[-6.42023960e-03  9.99979393e-01  1.39925969e-09]
677,4331,1,"[899.029785268991, 2039.9822211960286, 216.64904179173402]",0.20332454955339552,0.184103894847991,0.15564565117923612,11.649638560808143,10.548376166710188,8.917838912135636,[2.29481971e-01 7.23563987e-04 9.73312647e-01],[-0.97330781 -0.00306886  0.22948311],[ 3.15300454e-03 -9.99995023e-01  1.03578926e-09]
684,71997,26,"[953.5437587677264, 2112.4949095101183, 218.83677097656846]",0.07917978340229048,0.16854073347251772,0.034293154018658845,4.5366674117112495,9.65667270401455,1.9648529914612496,[0.6789529  0.00276961 0.73417661],[-0.73417051 -0.00299486  0.67895854],[-4.07921579e-03  9.99991683e-01 -4.46559477e-09]
685,15522,5,"[917.1434737791521, 2116.6291070738307, 145.62633681226646]",0.07276391508452384,0.2252581490417049,0.02427938573448385,4.169065235191539,12.906341241018563,1.3911063317560632,[0.7118088  0.00089899 0.70237271],[-0.70237215 -0.00088708  0.71180937],[-1.26296999e-03  9.99999206e-01 -3.98245180e-09]
686,24006,8,"[928.8886111805382, 2769.8017162376073, 174.16104307256518]",0.09023979854911257,0.10398387911637241,0.05154113844759667,5.170359600974933,5.957837410766681,2.953089704346745,[-0.71006206 -0.00658748  0.70410829],[0.70407799 0.00653197 0.71009261],[-9.27694027e-03  9.99956972e-01  3.40532429e-09]
690,73255,26,"[1002.3487270493482, 2968.572274930039, 149.62816190021158]",0.07152281258047877,-0.17697204058737237,0.09629154525560624,4.097955299766625,-10.139751017474342,5.517099145939206,[-0.99801527 -0.05705393  0.02665275],[0.02660931 0.00152118 0.99964475],[-5.70742040e-02  9.98369943e-01  3.32201210e-09]
692,27660,10,"[918.4692335502531, 2645.7043745480837, 202.59862617498192]",-0.03719218636933874,0.032189078426903106,-0.053533784622526115,-2.130955309827087,1.844298340277156,-3.0672599202330915,[0.17090615 0.00281081 0.98528331],[-0.98515008 -0.01620227  0.17092927],[-1.64442766e-02  9.99864787e-01 -2.90904288e-09]
693,41065,14,"[959.4046755144284, 2768.2157311579203, 195.7154998173627]",-0.011758828417036682,0.007489488349351592,-0.02486648342366682,-0.6737312403146944,0.429116073130249,-1.4247445515081338,[-0.87684766 -0.01758612  0.48044657],[0.48034996 0.00963393 0.877024  ],[-2.00520322e-02  9.99798939e-01  3.55687556e-09]
702,173929,63,"[997.4491142937635, 1795.5055626146302, 168.13406044995372]",-0.12155511995327872,0.19605887685245071,-0.16509711965049845,-6.964595351529326,11.233346179720577,-9.459368165739932,[-0.97510494 -0.0021296   0.22173368],[2.21733151e-01 4.84258111e-04 9.75107260e-01],[-2.18395666e-03  9.99997613e-01 -3.08082608e-09]
703,28988,10,"[958.184421139782, 2723.353594590865, 224.4587760452601]",-0.025975077290629756,0.03616583568715159,-0.044527165512470046,-1.4882623012791925,2.072149747437402,-2.5512186575450073,[-0.98968704 -0.0159242   0.14235871],[0.14234029 0.00229028 0.98981514],[-1.60880630e-02  9.99870578e-01 -3.91669219e-09]
704,41845,15,"[967.9118413191541, 2954.871884335046, 131.95557414266938]",0.06608930326408924,0.09667476926093702,0.029434286222626005,3.7866381479925053,5.539056264052757,1.6864603735365336,[-0.96020175 -0.00953519 -0.27914451],[-0.27913075 -0.00277188  0.9602491 ],[-9.92990764e-03  9.99950699e-01 -3.22203514e-09]
706,4578,1,"[929.3636959370905, 2077.902359108781, 195.41284403669724]",0.1410454776117014,-0.162331583526525,0.14591898648895185,8.081310586557436,-9.300914617745281,8.36054207664342,[0.82674931 0.04510816 0.56075916],[-0.55992636 -0.03055006  0.82797896],[-5.44798324e-02  9.98514867e-01  7.63749973e-10]
711,98272,35,"[983.8452153207425, 2229.284333279062, 162.44562031911428]",-0.01129985064417216,0.2269293719336923,-0.059289506566927885,-0.6474337510392445,13.002095259355087,-3.3970384956981476,[5.85710149e-01 6.78573184e-04 8.10520301e-01],[-0.81051976 -0.00093903  0.58571055],[-1.15855733e-03  9.99999324e-01  4.68773765e-10]
714,27069,9,"[965.713657689608, 2168.2356200820127, 189.86039380841552]",-0.03911453006590193,0.19056570725032101,-0.08373715963801875,-2.241097490413736,10.918610745368987,-4.797785835671704,[-0.90732724 -0.00238716  0.42041835],[0.42041689 0.00110611 0.90733037],[-2.63096632e-03  9.99996537e-01 -2.03153219e-09]
719,49332,17,"[973.3276169626206, 3009.214444985, 94.20293116030163]",0.07141556526926696,0.217591921666266,0.023321058153819685,4.091810481470077,12.467098767618259,1.3361982059930213,[1.57805430e-02 2.44319617e-05 9.99875482e-01],[-0.99987428 -0.00154813  0.01578057],[-1.54831923e-03  9.99998799e-01  3.43367023e-09]
721,19922,7,"[982.9907639795201, 2880.2338118662783, 171.78706957132817]",0.11256847637307255,-0.011819856810629692,0.08959343850236101,6.449698602395188,-0.6772279096980434,5.1333258982501775,[-0.90988752 -0.02192038  0.41427551],[0.41415535 0.00997755 0.91015153],[-2.40843221e-02  9.99709929e-01  3.97651286e-09]
723,8462,3,"[961.9293311273931, 2974.8273457811392, 115.22016071850626]",0.12964883549333983,0.13377563361930822,0.08652517838783313,7.428331092554288,7.664779208074767,4.957527543239401,[-0.99283205 -0.00661149  0.11933484],[1.19332198e-01 7.94656307e-04 9.92854070e-01],[-6.65907622e-03  9.99977826e-01 -3.95676754e-09]
728,45404,16,"[1003.0739582415646, 2260.3394634833935, 115.07373799665228]",0.11720984203528495,0.2730608574122601,0.06720247155536596,6.71562926601689,15.645234679946068,3.850417992970435,[-9.97465996e-01 -1.38808026e-04  7.11446569e-02],[7.11446605e-02 9.90126615e-06 9.97466003e-01],[-1.39163548e-04  9.99999990e-01 -3.48691604e-09]
729,5325,1,"[950.8771830985916, 2507.9678873239436, 172.94103286384976]",-0.21129477974205013,0.2331445569322655,-0.2578420151399019,-12.10629911236579,13.358199128666355,-14.773259248664655,[-0.71443781 -0.07896903  0.69522839],[ 0.69969519 -0.08388773  0.70949946],[0.00229264 0.9933412  0.11518682]
730,230717,84,"[1045.5533359050264, 1775.2928782881193, 99.11047300372317]",-0.05500638785931011,0.2447286374430235,-0.10376263827293664,-3.1516338705981184,14.02191805147254,-5.945161244181897,[-0.22183253 -0.08381989  0.97147545],[-0.975083    0.02097416 -0.22084663],[0.00186455 0.99626016 0.0863841 ]
737,44518,16,"[1006.5763062132171, 2216.470798328766, 287.2125657037603]",0.09791988237785443,0.1790579876604999,0.0518981760620183,5.610395990668508,10.25926698105222,2.973546452780525,[-0.86126724 -0.00297185 -0.50814359],[-0.50814056 -0.00175337  0.86127236],[-3.45054625e-03  9.99994050e-01 -1.46991149e-09]
739,3863,1,"[962.8097333678488, 2034.6958322547243, 69.50556562257313]",-0.026363892016084467,0.11478496108715272,-0.06101280836997636,-1.5105397440602815,6.576693821867238,-3.495776415840112,[-0.95269962 -0.00744899  0.30382223],[0.30381294 0.00237546 0.95272874],[-7.81858960e-03  9.99969434e-01  1.35325937e-09]
741,34072,12,"[992.0257983094623, 1734.4921343038272, 207.95022305705564]",-0.06168273044729933,0.223875123252482,-0.10902048498755235,-3.5341601234733417,12.82709970033834,-6.2464136702561035,[-0.84565704 -0.00102756 -0.5337257 ],[-5.33725302e-01 -6.48532608e-04  8.45657662e-01],[-1.21510355e-03  9.99999262e-01 -2.05156818e-09]
743,77150,28,"[1018.0685936487363, 3091.212015554115, 75.10614387556707]",-0.06316101706467325,0.1131668995775765,-0.09541682835095222,-3.618859707559551,6.483985726375954,-5.466981559033783,[-0.20050651 -0.00154911  0.97969115],[-0.97966191 -0.00756887 -0.20051249],[-7.72576894e-03  9.99970162e-01 -1.40095388e-09]
744,105654,38,"[1035.8001400798835, 1812.6932061256555, 245.80733337119275]",0.03964366065008873,0.1814447071258672,-0.005582298834950983,2.271414439698958,10.396015933299484,-0.3198421632234911,[-0.84003363 -0.00273237  0.54252744],[0.54252458 0.00176466 0.84003808],[-3.25267089e-03  9.99994706e-01  9.99533308e-10]
749,52580,19,"[1037.7446557626474, 2253.0371624191707, 75.3036896158235]",0.11310642731412734,0.2387012203401464,0.06389210960084768,6.4805209209027055,13.676572490112711,3.66074822431586,[ 0.38833416 -0.07867308  0.9181542 ],[-0.9215152  -0.03043508  0.38714783],[0.00251402 0.99643578 0.08431743]
759,41684,15,"[1025.3212503598504, 3001.0078207465695, 201.2107763170521]",-0.10876281540192378,-0.20633801518306788,-0.013124577024991702,-6.231650290490691,-11.822297423096089,-0.7519828714263923,[-0.97317875 -0.05449907 -0.22350163],[-0.22315199 -0.01249676  0.97470355],[-5.59134752e-02  9.98435616e-01 -3.32043792e-09]
761,28811,10,"[1005.7885529832356, 2769.576377078199, 260.5630488355142]",-0.13171730989142194,-0.04164312953272159,-0.10796144430612997,-7.546845945595237,-2.385975567941543,-6.185735108877942,[0.74350621 0.01820403 0.6684812 ],[-0.66828092 -0.0163622   0.74372904],[-2.44766915e-02  9.99700402e-01 -2.67921325e-09]
763,59352,21,"[1034.9744406254213, 2949.388495754145, 226.59012333198544]",-0.19390383870099992,-0.1717867014260167,-0.08272719842015475,-11.109871588952771,-9.842652968184758,-4.739919320416199,[-0.99734688 -0.04280812  0.05887842],[0.05882427 0.00252486 0.99826516],[-4.28825161e-02  9.99080116e-01  3.06609428e-09]
764,3013,1,"[1002.5957517424494, 2683.1526717557254, 296.60902754729506]",-0.08069370199210235,-0.5250984916473338,0.20240101896319762,-4.623408557433862,-30.085927400077736,11.596724155738563,[-0.90604991 -0.14318448  0.39821071],[0.3933295  0.06215847 0.91729397],[ 1.56094425e-01 -9.87742139e-01  4.31156263e-09]
766,8996,3,"[1015.1248332592263, 2766.5374610938193, 281.4239662072032]",-0.0946844908088127,-0.061349158138593374,-0.07132829310971567,-5.4250217086901955,-3.5150478380220633,-4.086810155058778,[-0.38467013 -0.01102586  0.92298826],[-0.92260933 -0.02644488 -0.38482812],[-2.86513699e-02  9.99589464e-01 -4.92134225e-09]
770,108971,39,"[1120.2004570023216, 1951.7801708711493, 269.3605179359646]",-0.021285133871166817,0.16141876604626232,-0.0629999390173287,-1.2195483371888116,9.248614028660466,-3.6096306152744972,[-0.86806314 -0.00376184 -0.49643958],[-0.49643491 -0.00215135  0.86807128],[-4.33355419e-03  9.99990608e-01  4.69813433e-09]
775,67242,24,"[1083.4409743910055, 1482.568840903007, 281.809627911127]",0.1097756457256529,-0.14533823601409307,0.11664451605575599,6.289681193403254,-8.327267525483794,6.683238473340786,[0.41529519 0.02084437 0.90944786],[-0.90830448 -0.04558935  0.41581797],[-5.01286000e-02  9.98742766e-01 -4.68521242e-09]
779,37052,13,"[1071.0801036381301, 2932.7524560077727, 288.74819173054084]",-0.07621098622827427,0.07370663255880242,-0.09887222049209143,-4.366567863409756,4.2230789677409195,-5.664960945283731,[-0.98243559 -0.01108203 -0.18627265],[-0.1862608  -0.00210105  0.98249809],[-1.12794459e-02  9.99936385e-01 -1.57463367e-09]
780,68760,25,"[1064.268062827225, 2978.8154886561956, 259.94415357766144]",-0.2756923119015904,0.09160343951552541,-0.280665193202259,-15.796005916165441,5.248490473121517,-16.080931026713287,[-0.99881629 -0.00701425 -0.04813328],[-4.81320888e-02 -3.38013961e-04  9.98840923e-01],[-7.02238985e-03  9.99975341e-01 -4.05125716e-09]
781,75685,27,"[1084.3456034881417, 2431.3825725044594, 238.30193565435687]",-0.06912253054293238,0.1002341897251098,-0.09837467416552659,-3.9604292693741456,5.7429960341623545,-5.636453640659326,[-0.99989357 -0.00880743 -0.01163099],[-1.16305427e-02 -1.02446349e-04  9.99932362e-01],[-8.80802799e-03  9.99961209e-01 -7.96091437e-10]
782,49250,17,"[1060.047614213198, 1825.642111675127, 33.14554314720812]",-0.04030310686000238,0.1894269738202543,-0.08478297691699532,-2.3091979243428824,10.85336612583571,-4.857706751898917,[-1.25979789e-01 -3.38294740e-04  9.92032752e-01],[-0.99202918 -0.00266392 -0.12598024],[-2.68532328e-03  9.99996390e-01  5.93141268e-10]
783,50096,18,"[1068.8028784733312, 2329.9130269881825, 197.72478840626]",-0.033006983824132696,0.1188140878160372,-0.06798824116711899,-1.891160867579373,6.807545778555669,-3.895439275393521,[0.66964239 0.00498136 0.74266699],[-0.74264644 -0.00552443  0.66966091],[-7.43862936e-03  9.99972329e-01  1.82247966e-09]
784,6831,2,"[1068.7031181379007, 2755.1501976284585, 2.709852144634753]",0.005942260588926551,-0.06349500500645089,0.009727983965965414,0.34046645251241614,-3.6379958070316682,0.5573724244207554,[-0.94047531 -0.0297294   0.33855926],[0.33839024 0.01069687 0.94094507],[-3.15952591e-02  9.99500746e-01  3.68553013e-09]
791,11750,4,"[1060.0670638297872, 1876.8542127659575, 201.03046808510638]",0.028639885634706985,0.0352293299637797,0.004873461963835757,1.6409445726060596,2.018491921998347,0.27922880214532597,[-0.86554668 -0.01450961 -0.50061804],[-0.50054771 -0.00839094  0.86566829],[-1.67611709e-02  9.99859521e-01 -4.21743644e-09]
792,123617,45,"[1110.2376614866887, 2431.7437650161387, 272.8308161498823]",-0.03748040323522339,0.08121817873963291,-0.06508180382699147,-2.1474689198267782,4.653458861520118,-3.72891268238498,[-0.87981208 -0.0095825  -0.47522508],[-0.47519689 -0.00517563  0.87986426],[-1.08908944e-02  9.99940693e-01 -3.87215828e-10]
794,83464,30,"[1112.8074978433815, 1944.1910045049362, 221.08685181635195]",0.08611171789529815,0.19316670089722732,0.03930226218333854,4.9338380020217585,11.067636703877058,2.251853748421915,[-0.94075712 -0.00250662 -0.3390719 ],[-3.39070693e-01 -9.03444064e-04  9.40760462e-01],[-2.66445674e-03  9.99996449e-01 -3.96598310e-09]
798,10849,3,"[1072.0853534888008, 3014.589455249332, 242.0219375057609]",-0.1195008792521648,0.2912863944059862,-0.1696439954327752,-6.846896029251496,16.689481029046124,-9.719884958034633,[-9.99572203e-01 -2.54114325e-04  2.92464319e-02],[ 0.02924753 -0.00932719  0.99952868],[1.87954126e-05 9.99956465e-01 9.33062909e-03]
799,26655,9,"[1084.3859688613768, 2595.522265991371, 174.004614518852]",0.02858850038095717,0.047140004493554405,0.0024809351673973357,1.6380004144369877,2.7009233037084037,0.14214711433744753,[-0.6955653  -0.01061453  0.71838447],[0.71830084 0.01096148 0.69564628],[-1.52585121e-02  9.99883580e-01  5.88669679e-10]
802,18035,6,"[1086.539894649293, 3170.2516218464098, 119.45239811477683]",-0.02895064448083584,0.11601370188540591,-0.06367014470434706,-1.6587497429355977,6.647095483722682,-3.6480305725463182,[-0.88094371 -0.00678215  0.47317248],[0.47315845 0.00364272 0.88096981],[-7.69850651e-03  9.99970366e-01 -6.28190400e-10]
803,111507,40,"[1138.393544799878, 2050.3706404082254, 163.99066426323012]",-0.04974655875486622,0.2470440717288161,-0.09864864784557714,-2.8502678619534123,14.154582663788343,-5.652151176223896,[-8.75516597e-01 -4.99324896e-04  4.83187793e-01],[4.83187719e-01 2.75574592e-04 8.75516737e-01],[-5.70321847e-04  9.99999841e-01 -4.24051014e-09]
806,80700,29,"[1128.5232589838909, 2760.198265179678, 141.5608798017348]",0.11241452950009156,0.0016706932124970209,0.08710433674605633,6.4408780963041465,0.09572366993723236,4.990710872835315,[-0.86921118 -0.01912473 -0.49407101],[-0.49395147 -0.01086812  0.86942156],[-2.19970812e-02  9.99758033e-01 -3.11379660e-09]
808,29714,10,"[1081.6174530524331, 2486.3532341657133, 199.59530860873662]",-0.05122623374870994,-0.0013427625752415184,-0.05657215357496492,-2.9350469941516906,-0.07693462844945387,-3.2413456378114205,[0.10675161 0.00220652 0.99428328],[-0.99407095 -0.02054712  0.10677441],[-2.06652565e-02  9.99786452e-01  2.68347720e-09]
809,74344,27,"[1122.175898525772, 3157.787756913806, 149.36768266437105]",-0.015830201853253012,-0.02818140848738937,-0.018715497028892414,-0.9070037550315675,-1.6146757670615663,-1.0723189912451687,[-0.19376906 -0.00489981  0.98103494],[-0.98072144 -0.02479934 -0.193831  ],[-2.52787608e-02  9.99680444e-01 -4.02150631e-09]
815,115797,42,"[1116.4774648738742, 1912.9200065632097, 31.87957373679802]",-0.003032153469246346,0.2714242047500484,-0.05291763290043017,-0.1737295966237582,15.551461389872486,-3.0319570270172775,[-2.51246497e-01 -3.83244344e-05  9.67923133e-01],[-9.67923125e-01 -1.47648949e-04 -2.51246508e-01],[-1.52540011e-04  9.99999982e-01 -2.70387176e-09]
821,43007,15,"[1124.8711605087544, 2603.0729881182133, 195.61229567279744]",-0.028580902112480544,-0.004268567199364415,-0.0363356629130831,-1.6375650657216738,-0.24457088509155867,-2.0818801307296937,[-0.97136678 -0.02085634  0.23666767],[0.23661314 0.00508035 0.97159066],[-2.14661812e-02  9.99769574e-01  2.03540803e-09]
824,30421,11,"[1124.8960915157293, 2556.900397751553, 222.26948489530258]",-0.005997282026078299,0.09001933971404891,-0.037520527567092454,-0.34361894864395026,5.157728240169403,-2.149767874698661,[-0.99475309 -0.0101887  -0.1017962 ],[-0.10179085 -0.00104259  0.99480527],[-1.02419057e-02  9.99947551e-01 -1.93524360e-09]
827,26938,9,"[1122.8113074467294, 1993.9136164525949, 193.38544064147302]",0.03412780839490326,0.19320709755200022,-0.011973677228560686,1.9553793850591035,11.069951261701991,-0.6860411704484264,[-0.88360855 -0.00231098  0.46822066],[0.46821906 0.00122458 0.88361158],[-2.61538199e-03  9.99996576e-01 -1.35400674e-09]
828,7487,2,"[1120.9687458260985, 2969.7289969280087, 2.5289167891011086]",-0.061214941115265376,-0.1401690788347324,-0.014056058471234811,-3.507357769046564,-8.031096635466682,-0.8053528269908625,[-0.93073027 -0.04125119  0.36337241],[0.36301603 0.01608935 0.93164398],[-4.42778545e-02  9.99019255e-01  6.78315205e-10]
829,8030,2,"[1102.038107098381, 2370.952303860523, 173.62727272727273]",-0.10233392875355873,0.1818061755574169,-0.14442720177162838,-5.863302218571377,10.416726548854497,-8.275069108398672,[-0.65900765 -0.14158665  0.73868947],[ 0.75208604 -0.13539377  0.64500784],[0.00868945 0.98062314 0.19571088]
830,28965,10,"[1115.5959606421543, 3219.1416882444328, 255.74358708786465]",-0.0258554898019141,-0.027811336443114787,-0.027262419767855706,-1.481410442893221,-1.5934722008088542,-1.562021592012158,[-0.12253039 -0.00306866  0.99246002],[-0.99214893 -0.02484744 -0.12256882],[-2.50362078e-02  9.99686541e-01 -1.48522421e-09]
836,89402,32,"[1169.6169436925347, 2092.902619628196, 94.80516095836782]",-0.08570360011664224,0.04227088132133022,-0.09908754922882024,-4.910454575760511,2.421943096010608,-5.677298373106176,[ 0.53534649 -0.37357061  0.7575283 ],[-0.8435505  -0.1910907   0.50190328],[0.0427397  0.90770553 0.41742541]
841,181508,66,"[1165.3123994534676, 2903.8773607774865, 70.1447043656478]",0.026043319744869287,0.015449141036913028,0.006688269891180654,1.4921723058907332,0.8851705785174815,0.38320963700907384,[0.39762632 0.00771124 0.91751503],[-0.91734255 -0.0177902   0.39770108],[-1.93895357e-02  9.99812003e-01 -1.17508825e-09]
842,217992,79,"[1177.1678089104187, 1648.6570975081654, 174.46791166648316]",-0.16594831500218943,0.1693729587986352,-0.2038196346489775,-9.508138066932972,9.70435570280498,-11.67800484728481,[-0.89381405 -0.00294998 -0.44842807],[-0.44842563 -0.00148001  0.89381892],[-3.30041484e-03  9.99994555e-01 -2.71917376e-09]
845,26315,9,"[1152.5459623788713, 2036.3876496294888, 292.38183545506365]",0.07607170056764012,0.179228941793042,0.030392825717500682,4.358587382908723,10.269061931337202,1.7413806410894566,[-0.99419631 -0.0034031   0.10752726],[1.07526636e-01 3.68056810e-04 9.94202138e-01],[-3.42294006e-03  9.99994143e-01  2.75029563e-09]
