ID,Pixels,ZDiscs,Centroid,Azi_[RAD],Ele_[RAD],Sph_[RAD],Azi_[DEG],Ele_[DEG],Sph_[DEG],PC1_ROT,PC2_ROT,PC3_ROT
43,71518,26,"[1920.3494074453652, 4422.3843550832025, 196.72899130288877]",-0.2841174086073477,0.0162442819068638,-0.2499385025197618,-16.278728399394907,0.9307287944840256,-14.320421332202244,[-0.81784168 -0.00965185 -0.57536236],[-0.57532229 -0.00678973  0.81789862],[-1.18007983e-02  9.99930369e-01  5.03596901e-09]
48,6178,2,"[1939.2037731050968, 4460.435922280854, 48.82146325671739]",-0.1784559303986688,-0.1233596395189859,-0.0987917613128263,-10.22477164092409,-7.067986706693134,-5.660350973888747,[0.34679705 0.01157098 0.93786882],[-0.93734721 -0.03127486  0.34699003],[-3.33467275e-02  9.99443843e-01 -3.86637951e-09]
50,30335,11,"[2077.527175452763, 4562.572268276887, 16.257722103181145]",-0.0820910924996307,-0.2820482658020745,0.0484222394244049,-4.703473135846892,-16.160175249442897,2.7743899535903864,[-0.99188172 -0.07301192 -0.10411488],[-0.10383396 -0.00764317  0.99456527],[-7.34108885e-02  9.97301777e-01 -1.75069997e-09]
51,25265,9,"[2277.192912286498, 4775.727393715168, 191.68015040569958]",-0.1370491315667137,0.2190092633108275,-0.1836671504337085,-7.852336824705844,12.548306461979768,-10.523352555045886,[-0.95969025  0.03846299 -0.27841554],[-0.28104192 -0.12014815  0.95214488],[0.00317122 0.9920106  0.12611472]
52,11527,4,"[2365.776063222945, 4878.844175989288, 292.60163095341375]",-0.2049566743605564,0.039305959683232,-0.1995282898190857,-11.743152423897058,2.2520655995605683,-11.432128900096725,[-0.94443303 -0.01108021 -0.3285171 ],[-0.32849449 -0.00385394  0.94449802],[-1.17313271e-02  9.99931186e-01  3.14649542e-09]
54,10532,3,"[2363.240914870992, 4890.462035276261, 277.15514622104064]",-0.1917202530604242,0.1231531220370307,-0.2176733002894424,-10.984761347542417,7.0561541265814345,-12.471761419268852,[-0.86590064 -0.00461659 -0.50019474],[-0.50018763 -0.00266677  0.86591294],[-5.33147793e-03  9.99985791e-01 -1.33779301e-09]
56,30686,11,"[2404.7502344683344, 4916.6484723420535, 254.6470377370788]",-0.1394715362657659,0.1653211046598328,-0.1782995744768549,-7.99113039023419,9.472201561448989,-10.21581310650228,[0.70329327 0.00227449 0.7108962 ],[-0.71089248 -0.00229907  0.70329694],[-3.23403431e-03  9.99994767e-01  1.90546838e-09]
60,35927,13,"[2451.8482498960257, 4961.078138930339, 222.99930414451526]",-0.1524505423191953,0.2354964271401482,-0.2004780840846765,-8.734772659370435,13.49295136554059,-11.486548102920803,[-4.14511814e-01 -2.54376672e-04  9.10043896e-01],[-9.10043725e-01 -5.58468155e-04 -4.14511895e-01],[-6.13678944e-04  9.99999814e-01 -7.91472976e-10]
61,54990,20,"[2521.3306479822413, 5021.471098661262, 194.12967812329515]",-0.0979810680154562,0.0121724659135822,-0.100036806698306,-5.613901669469897,0.6974309231151192,-5.731686819778979,[0.26124751 0.00441045 0.96526177],[-0.96512424 -0.01629349  0.26128474],[-1.68798672e-02  9.99857530e-01 -1.58064843e-09]
66,16123,5,"[1998.9033929413122, 4501.530421364712, 140.37951994045773]",-0.0306596572871833,0.0985188819788454,-0.0624000482503799,-1.7566689638731248,5.6447161397353085,-3.575259406159468,[-0.29577453 -0.00253528  0.95525441],[-0.95521933 -0.00818784 -0.29578539],[-8.57136634e-03  9.99963260e-01 -4.34951355e-09]
67,19189,6,"[1998.2611108145961, 4499.378127977465, 35.60222002188754]",-0.0400335912207032,0.12612403072108,-0.0762721908056174,-2.293755815698276,7.2263746554962225,-4.370074627378401,[-2.93390271e-02 -1.82800697e-04  9.99569499e-01],[-0.9995501  -0.00622784 -0.02933959],[-6.23051306e-03  9.99980589e-01  6.09733472e-10]
68,123179,44,"[1952.3288169213965, 4416.209901969908, 257.774482663441]",-0.1266893891375913,0.1368889308116173,-0.1604882808457366,-7.258767306674514,7.843157997564008,-9.195301153770956,[0.64245857 0.00318309 0.76631381],[-0.76630441 -0.0037967   0.64246645],[-4.95448786e-03  9.99987727e-01 -2.03322471e-09]
80,77737,28,"[2129.5444831539394, 4557.492303798044, 161.07719618714384]",-0.1096606166477962,0.1203047661019219,-0.1408709211924044,-6.283090512720776,6.892955352948659,-8.071309240444798,[-0.99880158 -0.00620747 -0.04854765],[-4.85467072e-02 -3.01716749e-04  9.98820863e-01],[-6.21480057e-03  9.99980686e-01 -2.50259591e-09]
87,9269,3,"[2444.3957583254905, 4935.8835647760825, 273.44988671917145]",-0.22985197371276,0.0744418667421493,-0.2347751128745368,-13.169548006493088,4.265204783400446,-13.451623102418475,[0.61724576 0.00510926 0.78675382],[-0.78672687 -0.00651213  0.6172669 ],[-8.27721601e-03  9.99965744e-01  6.02376615e-10]
88,10524,3,"[2009.9426490455564, 4492.395138091168, 118.51358798935766]",-0.1170374334512547,0.2510011085001953,-0.1663437801445235,-6.705750981800136,14.381304170166446,-9.53079655053326,[-0.02895554 -0.06905739  0.99719238],[-0.9995802   0.00299463 -0.02881749],[9.96154877e-04 9.97608197e-01 6.91151130e-02]
89,21665,7,"[2517.830897452797, 4993.740600972971, 274.85409646895914]",-0.260745769353726,-0.0169425113448904,-0.2144835772669415,-14.9396321098601,-0.9707343944147412,-12.289003752263838,[-0.8859528  -0.01388593 -0.46356749],[-0.46351056 -0.00726481  0.88606161],[-1.56715114e-02  9.99877190e-01  1.19241582e-09]
90,5641,2,"[1983.417197771007, 4458.7002039750805, 72.07374578975359]",0.0058311098032159,0.039222694149491,-0.0164729654067314,0.3340979816016443,2.247294835898306,-0.9438313938707168,[-0.22366559 -0.00338205  0.97466008],[-0.97454867 -0.01473613 -0.22369115],[-1.51192477e-02  9.99885698e-01 -1.74487560e-09]
92,9769,3,"[2561.7662236061965, 5041.056678885248, 251.02047292455728]",-0.2686789842686043,0.0758269713606986,-0.2679333412521889,-15.394171842452865,4.344565432227398,-15.351449644588858,[0.23596112 0.00177262 0.97176087],[-0.97173346 -0.00730002  0.23596778],[-7.51214934e-03  9.99971779e-01 -5.73062444e-09]
95,18140,6,"[2013.2472504943096, 4476.4113119429885, 96.91824696802647]",-0.1044060680265337,0.2261458628552117,-0.1520609595197035,-5.982027053476145,12.957203495947963,-8.712451209188668,[-0.44120091 -0.09895904  0.89193546],[-0.89740436  0.05161965 -0.43817901],[0.00267962 0.99375174 0.11158092]
96,9254,3,"[2000.0139559693184, 4456.554720424487, 294.69775232331966]",-0.1217601302927282,0.1538015477696579,-0.1591915315497348,-6.9763415787363385,8.812179569781119,-9.121002892023494,[-0.99925634 -0.0039456   0.03835615],[3.83558435e-02 1.51443539e-04 9.99264136e-01],[-3.94849771e-03  9.99992204e-01  6.50101100e-10]
97,41279,15,"[2127.7841280018706, 4554.476463609517, 134.49470675161706]",-0.1087684858553008,0.1981069093281042,-0.1534593040293029,-6.231975183537131,11.350689796881252,-8.792570447894008,[-0.97951342 -0.00179574 -0.20137091],[-2.01370571e-01 -3.69172350e-04  9.79515065e-01],[-1.83329536e-03  9.99998322e-01 -4.53046764e-09]
98,72830,26,"[2103.2715429580203, 4514.814335467988, 204.37271728683234]",-0.0469617202992069,0.1712392185302658,-0.0896923517568692,-2.6907083718184026,9.811284508902633,-5.138993210271401,[0.52224057 0.00170152 0.85279651],[-0.85279199 -0.00277849  0.52224335],[-3.25809589e-03  9.99994694e-01  1.97746166e-09]
100,68663,25,"[2085.649379975748, 4504.476475199908, 51.814223089582455]",0.0361818902277804,-0.1810759981001596,0.0741868549882915,2.0730696048574515,-10.374890462258058,4.250593686178171,[0.78189491 0.04312169 0.6219171 ],[-0.62097345 -0.03424683  0.78308309],[-5.50665457e-02  9.98482689e-01 -3.58045239e-09]
101,21344,7,"[2314.956911289986, 4750.763525847398, 174.27230134932535]",-0.1357159618831502,0.1338477356296968,-0.1683290124247708,-7.7759518284628655,7.6689103489644435,-9.644541981544563,[-0.9995008   0.00699529  0.03080935],[ 0.02772521 -0.27335674  0.96151308],[0.01514801 0.96188729 0.27302634]
104,21374,7,"[2347.8470866460884, 4770.590172300013, 8.125900626929916]",-0.0115049977170635,-0.1276527797169892,0.0192090921600889,-0.6591878124953894,-7.313965520896684,1.1005999090509349,[0.67926416 0.02834654 0.73334622],[-0.73270849 -0.03057684  0.67985537],[-4.16949543e-02  9.99130386e-01 -2.22745869e-09]
105,8186,2,"[2533.549769298481, 4982.3141081551585, 288.75751282677743]",-0.1800231513748103,-0.0111684197522698,-0.1575060967557666,-10.314566788421374,-0.6399033156356069,-9.024434591684615,[-0.83424424 -0.01474247 -0.55119797],[-0.55111192 -0.00973906  0.8343745 ],[-1.76688903e-02  9.99843888e-01 -3.74253082e-09]
106,31562,11,"[2089.3023786077865, 4506.129864509696, 273.392624041569]",-0.1796793385511277,0.1187182419382618,-0.205375031447767,-10.294867764681882,6.8020542142754135,-11.767122519323609,[-0.79408699 -0.00455198 -0.60778707],[-0.60777709 -0.00348399  0.79410005],[-5.73225374e-03  9.99983572e-01  2.42489768e-09]
116,48968,17,"[2525.006164456712, 4850.258830016721, 20.01599003430812]",-0.0044776081540911,-0.0384995668844573,-0.0053255441333426,-0.2565480495427863,-2.2058626955610343,-0.3051312024511858,[-0.57274066 -0.0147952   0.8196031 ],[0.81932977 0.02116516 0.57293173],[-2.58236692e-02  9.99666513e-01 -3.35800614e-09]
117,109782,40,"[2194.030052856054, 4560.51393130217, 267.8521524475779]",-0.1168715569668554,0.1416394985714917,-0.1521758828468566,-6.696246959323588,8.11534548049573,-8.719035830802145,[0.30530373 0.00143848 0.95225393],[-0.95224337 -0.00448664  0.30530712],[-4.71159702e-03  9.99988902e-01 -3.23355358e-10]
146,9160,3,"[2583.3114803073295, 4911.2339126577535, 6.994323144104803]",0.0607006091316586,-0.2515638413066194,0.1182567877109308,3.4778887171172954,-14.413546384968097,6.775614834610877,[-0.5509768  -0.04105846  0.83350991],[0.8312052  0.06194092 0.55250451],[-7.43133528e-02  9.97234935e-01  2.24444142e-09]
150,81584,29,"[2390.3035752562823, 4668.100658707463, 252.75790596195333]",-0.0934807934586108,0.1243308868691164,-0.1265432814569596,-5.356054930712546,7.123635080718879,-7.250395953219872,[-0.96853306 -0.00584769  0.24881626],[0.24881172 0.00150224 0.96855071],[-6.03756234e-03  9.99981771e-01 -1.22826582e-09]
157,114798,41,"[1917.373543390495, 4205.967702282903, 183.72341852645516]",-0.3256644681095255,0.0580056115349617,-0.3041381372090888,-18.65919956004861,3.3234767290286733,-17.425831651051528,[-0.75649639 -0.00573513 -0.65397272],[-0.65395393 -0.00495774  0.75651813],[-7.58095317e-03  9.99971265e-01 -2.81133572e-09]
160,38545,14,"[2355.5785642259175, 4653.731426819002, 225.49682189648462]",-0.0854439489691025,0.0532262211806463,-0.1018289130280044,-4.895577660860752,3.0496378330808653,-5.834366948909377,[-0.63982107 -0.28228585  0.71480326],[ 0.7676517  -0.27904525  0.57692688],[0.03660416 0.91784991 0.39523624]
172,24716,9,"[2651.5793289635885, 4906.823339475903, 155.74579219938502]",0.0074148037707963,0.1270914994652557,-0.0311026795192665,0.4248369619843259,7.281806531348314,-1.782052268001955,[-0.98531008 -0.00628837  0.17065904],[0.17065558 0.00108915 0.98533014],[-6.38199642e-03  9.99979634e-01  3.27973262e-09]
173,43293,15,"[2442.4211189200055, 4670.728059416668, 292.57445776453466]",-0.2800539417673775,0.1390970925462842,-0.3030928493660761,-16.045908899273257,7.969676345442709,-17.365941069270573,[-0.99903851 -0.00363605  0.04369019],[4.36899016e-02 1.59009240e-04 9.99045123e-01],[-3.63952684e-03  9.99993373e-01 -5.19931751e-09]
174,2793,1,"[2002.078436344958, 4307.445788640312, 2.1188686000716075]",-0.2808119377519884,-0.2488587824337585,-0.0655621087425072,-16.08933887007933,-14.258557928218751,-3.7564321269234218,[-0.99142082 -0.04533883  0.12259345],[0.12246546 0.00560048 0.99245698],[-4.56834264e-02  9.98955966e-01 -1.26529061e-09]
178,65011,23,"[2472.0186844837654, 4722.65464353028, 218.74619679746505]",-0.0756343494668425,0.2307036642239995,-0.123883685085401,-4.333529010667618,13.218346278238457,-7.098012305921262,[-5.20944782e-01 -4.15303403e-04  8.53590280e-01],[-8.53590007e-01 -6.80493925e-04 -5.20944947e-01],[-7.97210802e-04  9.99999682e-01  4.36959796e-09]
179,11006,4,"[2657.544184626651, 4946.179638760799, 116.16818099218608]",0.0117603545855895,0.1476861459302104,-0.0296889027529539,0.6738186833316036,8.461792854354238,-1.701048826118594,[0.64402821 0.00314676 0.76499528],[-0.76498615 -0.00373776  0.64403589],[-4.88599276e-03  9.99988061e-01 -5.20676130e-09]
181,18895,6,"[2386.3626428415414, 4653.535782145993, 275.31018788039165]",-0.0464731809738321,0.1317210942992589,-0.0833584777946118,-2.6627171303482555,7.547062776192266,-4.776088964266243,[-0.99219355 -0.00573506  0.12457554],[1.24573455e-01 7.20057185e-04 9.92210130e-01],[-5.78007966e-03  9.99983300e-01  7.12812118e-10]
186,116852,42,"[1956.1120673079765, 4190.2976834589, 259.46973094170403]",-0.1572996345150352,0.1672299093482594,-0.1957708713213595,-9.012605176661893,9.581568014010616,-11.216844678312626,[0.46307677 0.00141566 0.88631705],[-0.8863129  -0.00270954  0.46307893],[-3.05707513e-03  9.99995329e-01 -1.35012734e-09]
188,16026,5,"[2668.444193417405, 4931.304670916526, 134.43267190814925]",0.0052631700142198,0.1215896493341229,-0.032349484343581,0.301557428674613,6.966573739320905,-1.853488922311726,[-0.43717438 -0.00297737  0.89937184],[-0.89935097 -0.00612501 -0.43718452],[-6.81032682e-03  9.99976811e-01  1.12193506e-09]
189,65818,23,"[2547.3327154989497, 4780.6134662807135, 192.2943875535568]",-0.0368868752211231,-0.0353124551122194,-0.0332722695358796,-2.1134622695960417,-2.023254642175342,-1.9063606192276057,[0.10895163 0.002688   0.99404342],[-0.99374103 -0.02451706  0.10898478],[-2.46639758e-02  9.99695800e-01  1.86464649e-09]
193,48211,17,"[1975.6730547254874, 4176.112019119684, 58.94385098836365]",-0.412006554001961,-0.093819855265848,-0.2447404351739091,-23.60623667604121,-5.375481741261325,-14.022594011660114,[-0.73716643 -0.01110161  0.67562001],[0.67554341 0.01017357 0.73725003],[-1.50581325e-02  9.99886617e-01 -1.95176778e-10]
196,27291,9,"[2319.85942070906, 4559.12642422727, 185.92473709281447]",-0.0384193403165435,0.1321603803161848,-0.0757434285858851,-2.2012660518147555,7.572232010961232,-4.339778783821771,[-0.96917775  0.08018507 -0.23294814],[-0.24575986 -0.24857612  0.93691622],[0.01722135 0.96528766 0.26062072]
202,11410,4,"[2677.5691962907877, 4930.401113708036, 13.1091148115688]",0.0140414923280816,-0.1485549701891795,0.0460004694649096,0.8045182484644045,-8.511572817531746,2.6356327559597403,[0.19574502 0.00919479 0.98061172],[-0.97953165 -0.04601183  0.19596085],[-4.69215552e-02  9.98898575e-01 -2.29141610e-09]
206,12195,4,"[2089.112856284439, 4332.90102122879, 3.9747437474374743]",-0.3469288496415503,-0.3230118475813078,-0.0248373747962141,-19.87755887578956,-18.507215599131964,-1.4230767500076738,[-0.9973968  -0.0485327   0.05333102],[0.053268   0.00259199 0.99857688],[-4.86018637e-02  9.98818233e-01  4.18549651e-09]
213,16955,6,"[2038.3558949720584, 4275.213399496217, 136.46753170156296]",-0.1712096221078782,0.1787695043647943,-0.2113067932244691,-9.809588758811133,10.242738105748264,-12.10698743420566,[-0.90801939 -0.00223264 -0.41892219],[-0.41892093 -0.00103004  0.90802213],[-2.45879305e-03  9.99996980e-01  4.49977277e-09]
214,56722,20,"[2683.9699921341257, 4858.363659915677, 183.93411727372094]",-0.0962806285988282,-0.1441941171910131,-0.0339397910314749,-5.516473667579433,-8.261714345659843,-1.9446067836594736,[-0.07579539 -0.00314183  0.99711844],[-0.99626291 -0.0412966  -0.07586047],[-4.14159463e-02  9.99141993e-01 -3.06644153e-09]
218,79347,28,"[2131.0649631839437, 4301.44617660818, 29.34782663490743]",-0.2663658470660928,-0.041425132585537,-0.2040146773173574,-15.26163884331426,-2.3734852629211325,-11.689179969007949,[-0.87672058 -0.01580439 -0.48074031],[-0.48066221 -0.00866476  0.87686302],[-1.80237766e-02  9.99837559e-01  3.64147099e-09]
221,3879,1,"[2006.5247377825012, 4236.068512481287, 296.466099510183]",-0.1475276700334826,0.2181854011827889,-0.1939167560601443,-8.452712854317184,12.501102639142488,-11.110611699114198,[-0.99756755 -0.0057675   0.06946738],[ 0.06963301 -0.12816629  0.98930514],[0.00319755 0.99173592 0.12825615]
225,10303,3,"[2031.0486685326437, 4254.650638799395, 217.37503639716587]",-0.1417313512160194,0.2416347975740058,-0.1903217847387434,-8.120608249364281,13.844654084488518,-10.904635014927358,[-3.04413843e-01 -1.49742433e-04  9.52539860e-01],[-9.52539747e-01 -4.68561517e-04 -3.04413873e-01],[-4.91913374e-04  9.99999873e-01  3.99063668e-09]
227,95688,34,"[2160.672082702707, 4322.788825195446, 154.38666290443942]",-0.174189588722498,0.2820553954936954,-0.2245111961239496,-9.98032826891874,16.160583750682008,-12.8635439913362,[-8.34591036e-02 -1.18241872e-06  9.96511199e-01],[-9.96511206e-01 -1.41241611e-05 -8.34591053e-02],[-1.41711033e-05  9.99999999e-01 -2.63483914e-09]
234,33920,12,"[2097.605048256924, 4274.0991912011705, 275.82883254716984]",-0.1269832924878118,0.1375169820929541,-0.1608994449804613,-7.275606728226904,7.879142685302391,-9.218859123377833,[-0.77997575 -0.0038314  -0.62579802],[-0.62579047 -0.00307401  0.77998516],[-4.91215331e-03  9.99987937e-01  2.27729122e-09]
237,11615,4,"[2502.7332861794043, 4710.319987377461, 266.68532070598366]",-0.3058957655217933,0.0527457718492212,-0.2862404169269656,-17.52653633532219,3.0221101141203253,-16.40036781598018,[0.67789696 0.00568414 0.73513495],[-0.73510911 -0.00616385  0.67792079],[-8.38465609e-03  9.99964847e-01 -1.96355056e-09]
238,19145,6,"[2691.6622407055806, 4881.6701133552515, 255.27730477931576]",-0.157054904353763,0.1035163295260247,-0.1804249347975256,-8.998583171301433,5.931048792526688,-10.337587282821282,[-0.9698248  -0.00682415 -0.24370739],[-0.24370136 -0.0017148   0.9698488 ],[-7.03630091e-03  9.99975248e-01 -8.37693026e-10]
240,29017,10,"[2635.653833660916, 4831.562964533078, 239.47010373229486]",-0.2055684238267492,0.0463328238899456,-0.2029600925404627,-11.778203086429286,2.6546752618167986,-11.628756712153136,[0.68766077 0.00761431 0.72599221],[-0.72594771 -0.00803825  0.68770292],[-1.10720908e-02  9.99938702e-01 -5.34007284e-09]
241,35652,12,"[2690.4471233618087, 4870.6021942255975, 280.858044429485]",-0.2381565368781004,-0.014095801874888,-0.1998450107310184,-13.6453644265669,-0.8076299562836766,-11.450275671634005,[0.17311393 0.002798   0.98489783],[-0.98476921 -0.01591666  0.17313654],[-1.61607161e-02  9.99869410e-01  4.96608410e-09]
244,10791,3,"[2370.0930816261775, 4548.803223290846, 167.84867018811974]",-0.1172357694466108,0.2579619146611511,-0.1668867556438777,-6.717114797259569,14.780128985197877,-9.561906755025266,[-0.99114876 -0.00689462  0.13257676],[ 0.13275419 -0.05656244  0.98953374],[6.76399634e-04 9.98375252e-01 5.69770686e-02]
245,29979,10,"[2587.8677640325454, 4767.449069209513, 268.9028653390707]",-0.3431779874459573,-0.0511178754191762,-0.2449847841662478,-19.662650302446902,-2.9288385191943327,-14.036594177649398,[0.16611795 0.00256871 0.98610254],[-0.98598467 -0.01524644  0.1661378 ],[-1.54613082e-02  9.99880465e-01  6.32219171e-10]
247,55248,20,"[2119.2224738800505, 4285.22662124179, 202.77648059658267]",-0.0505609770414108,0.2011819439632295,-0.0965887778800096,-2.896930592530694,11.526876303330484,-5.534129320851115,[3.98381117e-01 7.25642971e-04 9.17219691e-01],[-0.91721816 -0.00167071  0.39838178],[-1.82149090e-03  9.99998337e-01  4.66241052e-09]
248,3537,1,"[2053.2477573915608, 4232.868125445521, 50.89878428046367]",-0.4532049631071213,-0.1418320428028079,-0.2166045166147223,-25.966731640420235,-8.126377452319737,-12.410524625494908,[-0.39336562 -0.00608067  0.91936202],[-0.9192522  -0.01420985 -0.39341261],[-1.54562120e-02  9.99880549e-01 -2.12847556e-09]
249,6011,2,"[2308.999198738711, 4491.9488801407115, 155.58376310098154]",-0.301616352062066,0.0496481974263052,-0.2813059502669306,-17.281344005288346,2.8446321729595674,-16.11764370221216,[-0.87642497 -0.19194448  0.44162946],[ 0.48085698 -0.39762931  0.78145217],[0.02560939 0.8972448  0.4407901 ]
256,103698,37,"[2213.952981629801, 4329.3130160423025, 268.34396998977803]",-0.0798636343684453,0.1648469333476847,-0.120742952324276,-4.575849185887861,9.445033546496724,-6.918061574130327,[1.65849460e-01 5.80968302e-04 9.86150910e-01],[-0.98614486 -0.00345446  0.16585047],[-3.50297660e-03  9.99993866e-01  2.82756638e-09]
261,27502,10,"[2121.258672659546, 4274.272785540958, 100.41080648680096]",-0.26762335010277,0.1884434846151413,-0.305900067583934,-15.333688460040747,10.79701634518606,-17.526782825326066,[ 0.07605248 -0.19003285  0.97882763],[-0.9970908  -0.0094772   0.07563154],[0.00509593 0.98173199 0.19020077]
264,18085,6,"[2136.8520662521196, 4270.925237984241, 59.512690074647494]",-0.2688536072075544,0.0501329013325536,-0.2560439225808043,-15.40417699986088,2.872403661101105,-14.670236133854484,[-0.97507673 -0.0091767  -0.22167806],[-0.22166825 -0.00208618  0.97511991],[-9.41083958e-03  9.99955712e-01  2.14435853e-09]
265,34113,12,"[2545.2358883805446, 4620.7937395096915, 11.797115469175974]",-0.0197893194362563,-0.0731776685195129,-0.0067943834701229,-1.1338444831337,-4.192771560775441,-0.3892894972314948,[-0.69693023 -0.021779    0.71680816],[0.71645841 0.02238925 0.69727044],[-3.12346542e-02  9.99512077e-01  1.07559576e-09]
266,3337,1,"[2100.0861997347247, 4253.506478853734, 77.1039856158226]",-0.6173059158995229,0.254075947301449,-0.6373003086232556,-35.369023649500406,14.55747945616135,-36.51461796649737,[ 0.27517757 -0.07010037  0.95883431],[-0.96139341 -0.02005077  0.2744461 ],[1.34003490e-05 9.97338410e-01 7.29115559e-02]
271,5201,1,"[2059.0833288794747, 4202.1469680377295, 89.01038261872716]",-0.504516732820316,0.2586140554345943,-0.550779555369179,-28.90667948433348,14.817493899164567,-31.557343964745993,[-9.13548470e-01 -5.51933773e-05 -4.06729875e-01],[-4.06729871e-01 -2.45668780e-05  9.13548469e-01],[-6.04179772e-05  1.00000000e+00 -2.81883012e-09]
281,14684,5,"[2223.039434483907, 4338.353415416377, 132.78105420866248]",-0.166107002505448,0.2331517009300924,-0.2138055968917923,-9.517230191131162,13.358608449590688,-12.25015833817509,[-9.99978374e-01 -6.53550432e-04 -6.54379254e-03],[-6.54379281e-03 -4.28013689e-06  9.99978588e-01],[-6.53571518e-04  9.99999784e-01 -2.18238621e-09]
291,6019,2,"[2042.0592350937536, 4161.468780880345, 105.48596112311016]",-0.5771081975844121,0.1165592395092587,-0.4944252660253975,-33.065864043988825,6.678352487135042,-28.328481027888248,[-0.80859666 -0.07550859 -0.58349798],[-0.58097037 -0.05425234  0.81211459],[-9.29777621e-02  9.95668184e-01  1.49538151e-09]
295,2847,1,"[2004.2826804828132, 4119.220186961418, 121.50895679662803]",-0.4796085739965512,0.1880419171622803,-0.4981132826569262,-27.47954710829022,10.774008224947304,-28.539788815648897,[-0.95940096 -0.27977128 -0.0357469 ],[ 0.02283753 -0.20338253  0.97883297],[-0.28111965  0.93827691  0.20151468]
313,123765,45,"[2410.4437383771165, 4428.490915154024, 246.92890558720154]",-0.0874521401336125,0.2502347976842777,-0.1368251802547394,-5.010638539042645,14.33739779461914,-7.839505359713293,[-6.55739878e-01 -2.34315315e-04  7.54986854e-01],[7.54986807e-01 2.69776455e-04 6.55739920e-01],[-3.57329657e-04  9.99999940e-01  1.78774845e-09]
320,231404,84,"[2172.342936449841, 4042.609082073407, 51.09332163661821]",-0.3366977105875661,0.1101396373074834,-0.3401662728672652,-19.291357788384783,6.310536374820428,-19.490091767989824,[-0.4973845  -0.00219706  0.86752743],[-0.86751896 -0.00383202 -0.49738936],[-4.41717519e-03  9.99990241e-01 -3.69593759e-09]
323,116499,42,"[2044.163424750212, 3997.195941543635, 250.1337007184611]",-0.0882054145082156,0.1449384937995632,-0.1254968015115029,-5.053797981522749,8.304363983698025,-7.190437069000122,[-0.86289201 -0.00402062 -0.50537236],[-0.50536687 -0.00235474  0.86290138],[-4.65942313e-03  9.99989149e-01 -2.47711398e-09]
324,2832,1,"[2071.5622802075914, 4119.700567498797, 140.42302259887006]",-0.1156869683829042,-0.297740472704929,0.0411211608873144,-6.628375033003806,-17.05927247622252,2.3560689675215514,[0.5775685  0.04299701 0.8152091 ],[-0.81295949 -0.06052065  0.57916674],[-7.42394153e-02  9.97240452e-01  2.65826707e-09]
325,36082,13,"[2465.603777315129, 4435.008690139262, 291.37387062801395]",-0.1781310220466245,0.0240353086401572,-0.1711947711821532,-10.2061557636234,1.37712174437533,-9.808737863445227,[-0.99919759 -0.01381832 -0.03759309],[-3.75894950e-02 -5.19841928e-04  9.99293128e-01],[-1.38280974e-02  9.99904387e-01  2.16382275e-09]
329,100838,36,"[1972.3482763371749, 3983.5033776874097, 194.37972788036257]",-0.145244322490321,0.1577689203618992,-0.1823950924484392,-8.32188667693245,9.039493275072424,-10.45046900119404,[0.34352538 0.00123903 0.93914257],[-0.93913646 -0.00338728  0.34352761],[-3.60677478e-03  9.99993495e-01  4.50750954e-09]
330,24835,9,"[2462.84523229959, 4476.00101608784, 208.24175558687335]",-0.0500284791557104,-0.0335812001898783,-0.044672597181541,-2.8664207110804227,-1.924061041863947,-2.559551278390316,[-0.99123065 -0.02390424  0.12996301],[0.12992524 0.00313324 0.99151884],[-2.41087105e-02  9.99709339e-01 -1.87131569e-09]
331,50204,18,"[2344.7891392498505, 4337.726587441437, 194.78846307067167]",-0.0705687089437279,0.1929809832060295,-0.1153924638597554,-4.043289188162717,11.056995863990512,-6.611501166779867,[ 0.7980272  -0.10456376  0.59348042],[-0.60258776 -0.12805131  0.78771241],[0.00637022 0.98623997 0.16519727]
332,89503,32,"[2705.3684752220815, 4633.160361472954, 170.17030714054277]",-0.0670763549063089,-0.1746540967313614,0.0002343596466355,-3.8431920412531326,-10.006942617376636,0.0134278186403946,[-0.07885761 -0.00387559  0.99687836],[-0.9956766  -0.04893425 -0.07895279],[-4.90874881e-02  9.98794486e-01 -1.72900872e-09]
333,20059,7,"[2403.4870703398683, 4412.089150170308, 277.9705369160975]",-0.0973141307403646,0.0289131163127545,-0.1049477128009741,-5.5756889784072,1.6565995372916884,-6.013061013046901,[-0.99863527 -0.01489853  0.05005616],[5.00505950e-02 7.46703670e-04 9.98746407e-01],[-1.49172247e-02  9.99888733e-01  1.22316685e-09]
337,20301,7,"[2576.451666948839, 4561.360798919843, 177.99389192650608]",0.0610935234440028,-0.0363885482487222,0.0499117971326108,3.500401048924928,-2.0849102372599475,2.8597353236117655,[-0.72993148 -0.01935697  0.68324618],[0.68300606 0.01811256 0.73018809],[-2.65095695e-02  9.99648556e-01 -9.60426683e-10]
338,34294,12,"[2519.786644041358, 4491.599574387229, 227.5565113430921]",-0.0479227502077099,0.0947757340051859,-0.0777686706426481,-2.745771329561464,5.430249558751672,-4.455816606166685,[-0.85083656 -0.00746841  0.52537737],[0.52535713 0.00461144 0.85086934],[-8.77738860e-03  9.99961476e-01 -2.71997248e-09]
339,42535,15,"[2572.2015105242676, 4530.2592186780785, 198.13715763488892]",-0.0227429116979958,-0.0138882561840155,-0.0279936020841209,-1.3030728541338732,-0.7957384641405554,-1.6039152527887524,[-0.58104152 -0.01265124  0.81377558],[0.81358276 0.01771445 0.58117923],[-2.17682237e-02  9.99763039e-01 -1.17232032e-09]
341,115173,41,"[2737.398233565112, 4706.993518461639, 111.1741901313676]",0.0145209815537858,0.1102150222797474,-0.0217839996214314,0.8319909574192508,6.314855615569867,-1.2481312392226016,[0.28146952 0.00219749 0.95956765],[-0.95953841 -0.0074913   0.2814781 ],[-7.80695127e-03  9.99969530e-01 -3.31901950e-09]
351,45563,16,"[2127.196201669556, 4039.9566703745754, 279.4017514211092]",-0.0526760603805591,0.1474844222834575,-0.0918581018217309,-3.01811594118233,8.45023494076731,-5.263081548468158,[-0.79572783 -0.00370977 -0.60564301],[-0.60563643 -0.00282354  0.79573648],[-4.66205260e-03  9.99989133e-01  1.64933724e-09]
355,65838,23,"[2091.1751798519344, 4047.398387420364, 181.923843373128]",-0.1259155155940119,0.1063639907414689,-0.1526636704367027,-7.214427618750591,6.094207761654735,-8.74698400099918,[0.32580275 0.00232224 0.94543491],[-0.9454109  -0.00673864  0.32581102],[-7.12756117e-03  9.99974601e-01 -1.05492702e-09]
356,11200,4,"[2822.604170683464, 4773.719240055987, 58.68767857142857]",-0.0318919464317537,-0.1212424320226132,0.0015655835866498,-1.827273930996796,-6.9466796527975205,0.0897013319899926,[-0.75269627 -0.02992089  0.65768767],[0.65716865 0.02612352 0.75329074],[-3.97202459e-02  9.99210844e-01 -2.98334738e-09]
360,53058,19,"[2840.9995324083975, 4741.083758510218, 91.71546232424893]",-0.0903280848531173,0.0836827539694233,-0.1143257347028129,-5.175418033583199,4.7946686204795945,-6.550382088203513,[-0.1498857  -0.00140758  0.98870233],[-0.98865874 -0.00928454 -0.14989231],[-9.39062794e-03  9.99955908e-01  1.77880385e-09]
363,12380,4,"[2175.4502101394255, 4110.683695272628, 3.1036348949919224]",-0.2183908900297899,-0.2069848139857993,-0.0687993387741873,-12.512876282812655,-11.859356264686715,-3.9419117450516903,[-0.99253321 -0.04447194  0.11357854],[0.1134647  0.00508395 0.99352902],[-4.47615913e-02  9.98997695e-01  2.27115650e-09]
365,18669,6,"[2004.1213055543076, 3923.0977164199994, 50.54962772510579]",-0.3102667792280733,0.0368333968656421,-0.2807199849076811,-17.776976972885876,2.1103981855316913,-16.084070360186292,[-2.49319498e-02 -2.35055468e-04  9.99689122e-01],[-0.9996447  -0.00942454 -0.02493306],[-9.42747517e-03  9.99955557e-01 -4.13908876e-10]
368,9245,3,"[2839.8469422606577, 4773.998606613113, 290.8206598161168]",-0.0198118129230868,0.2897214895176423,-0.0701938761572207,-1.1351332649956165,16.599818583604627,-4.021812851472724,[2.13221377e-01 3.16518953e-08 9.77003910e-01],[-9.77003910e-01 -1.59114814e-07  2.13221371e-01],[-1.66300503e-07  1.00000000e+00  1.69559849e-13]
369,10607,3,"[2546.5607631719445, 4476.019177891596, 262.999434335816]",-0.2078131669863427,0.0749774825046333,-0.216126349150272,-11.906817395564858,4.295893306031461,-12.383127647881434,[0.58516216 0.00502802 0.81090071],[-0.81087077 -0.00696744  0.58518377],[-8.59221600e-03  9.99963088e-01  2.69664516e-09]
370,28360,10,"[2690.138107849226, 4604.7962719773295, 232.0583568406206]",-0.1942020332710368,-0.0219643124474114,-0.1632775455429632,-11.126956879289594,-1.2584624031433371,-9.35511424886688,[0.70916248 0.01312317 0.70492295],[-0.70480227 -0.01304249  0.7092839 ],[-1.85020139e-02  9.99828823e-01 -3.52772941e-10]
371,30970,11,"[2638.6248866799433, 4544.206837139613, 262.13161123668067]",-0.289989154060714,-0.0019698737729702,-0.2436762010240868,-16.615154632247936,-0.1128654533647086,-13.961617886461609,[0.15767843 0.00208435 0.98748831],[-0.98740205 -0.01305246  0.15769221],[-1.32178387e-02  9.99912642e-01  2.26040253e-09]
373,9030,3,"[2120.1887106773092, 4040.3214354032198, 216.30498338870433]",-0.218802367139826,0.1879857753395485,-0.2589440924842884,-12.536452184583965,10.770791535450602,-14.836403629194988,[-9.87510791e-02 -1.88218262e-04  9.95112153e-01],[-0.99511034 -0.00189667 -0.09875125],[-1.90598625e-03  9.99998183e-01  2.65110222e-09]
374,13654,4,"[2175.961654998853, 4084.101577672698, 139.02226453786437]",-0.0779938890542082,0.1451539133568485,-0.1157681893327122,-4.468720670617714,8.31670661515505,-6.6330286506358505,[0.65025057 0.00305416 0.75971367],[-0.75970529 -0.00356826  0.65025774],[-4.69684446e-03  9.99988965e-01  3.57291728e-09]
378,32745,11,"[2770.6934308225004, 4648.2246266574675, 248.47533974652617]",-0.1090989277769192,-0.0502740118591544,-0.0856080184427711,-6.250908111020053,-2.8804886987201996,-4.9049781492488975,[-0.99964817 -0.0249959   0.00887376],[8.87098982e-03 2.21820205e-04 9.99960629e-01],[-2.49968882e-02  9.99687528e-01  4.79079983e-09]
379,6221,2,"[2377.8041681961454, 4287.53977191058, 171.15094036328566]",-0.214288757230908,0.2296186604008004,-0.2610878068334769,-12.277841386434533,13.156180138413587,-14.95922941388512,[-0.86003775 -0.05518306  0.50723753],[ 0.51022637 -0.09697675  0.85455519],[0.00203327 0.99375568 0.11155952]
380,50729,18,"[2753.150332102061, 4635.544341576766, 276.2800173470796]",-0.2604865215279193,0.0232363113143292,-0.236045791139576,-14.924778303593428,1.331342569763148,-13.52442760412423,[0.74979789 0.00889106 0.66160718],[-0.66156068 -0.00784475  0.74985061],[-1.18571025e-02  9.99929704e-01 -4.27774477e-09]
383,18596,6,"[1993.670951364521, 3875.9859327614076, 135.69590234459022]",-0.1481887187567254,0.2902980918574329,-0.1985710763578785,-8.490588156211501,16.632855464131996,-11.377284608676444,[4.62871550e-01 2.80047194e-09 8.86425365e-01],[-8.86425363e-01 -1.26540852e-08  4.62871545e-01],[-1.39853281e-08  1.00000000e+00 -3.75681579e-13]
385,107591,39,"[2272.879361407198, 4111.830603072778, 158.1384316532052]",-0.0696373421363549,0.2525193219969626,-0.1191751845655795,-3.989925800921668,14.468291395931004,-6.828235098300333,[3.85465993e-01 1.24873959e-04 9.22722032e-01],[-9.22721983e-01 -2.98914189e-04  3.85466010e-01],[-3.23954091e-04  9.99999950e-01 -1.96565262e-09]
392,3272,1,"[2015.1204651608439, 3909.4076659365346, 70.56662591687042]",-0.0387160642796846,-0.1545976624450052,0.0104025571364658,-2.218267082583139,-8.857793580686948,0.5960226200631951,[-0.968522   -0.04479917 -0.24486357],[-0.24460205 -0.01131412  0.96955754],[-4.62057965e-02  9.98931942e-01  4.68863228e-10]
393,7332,2,"[2777.9127982131513, 4665.375029750144, 227.88270594653574]",-0.0711785157842377,-0.1567411470435164,-0.0109955319263741,-4.0782285464421335,-8.980606201632934,-0.6299975728825871,[-0.36356493 -0.01643038  0.93142396],[-0.93047426 -0.04205041 -0.36393601],[-4.51463667e-02  9.98980388e-01  1.48691595e-09]
396,51657,18,"[2265.4604911600486, 4096.506677325974, 283.44857424937567]",-0.0123908351963546,0.1595774308281204,-0.0545987002893157,-0.7099425613932766,9.143113291992137,-3.128275093477498,[0.70570339 0.00285007 0.70850166],[-0.70849588 -0.00286135  0.70570915],[-4.03858691e-03  9.99991843e-01 -3.35340693e-09]
397,8135,2,"[2607.601826482395, 4492.741812166647, 292.8542102028273]",-0.2303671311287245,0.1051069428566284,-0.2467849246621138,-13.199064352212716,6.022184223207526,-14.139734630593107,[-0.91219772 -0.00555498  0.40971266],[0.40970506 0.00249496 0.91221464],[-6.08954535e-03  9.99981461e-01  2.93797721e-09]
398,57592,20,"[2208.581087599924, 4068.5320900725746, 208.28693221280733]",-0.0443898991355444,0.1911808480779574,-0.0895051982174821,-2.543353873478125,10.95385571859874,-5.128270102343585,[3.55730427e-01 8.05592729e-04 9.34588258e-01],[-0.93458586 -0.00211648  0.35573134],[-2.26461041e-03  9.99997432e-01 -1.27758280e-09]
400,85167,31,"[2097.0244840623636, 3808.1217440657265, 14.871851773574273]",-0.070189857436798,0.024166842909015,-0.0800201809099988,-4.021582595753458,1.3846581028422218,-4.584818642016252,[-0.9235635  -0.01471678  0.38316301],[0.38311438 0.00610484 0.92368074],[-1.59327578e-02  9.99873067e-01  3.92405968e-09]
408,79700,29,"[2880.6368257574177, 4688.585401036025, 167.293626097867]",-0.0800649262156376,-0.1081494996422219,-0.0392234459336959,-4.587382359182385,-6.196509885950924,-2.2473379099603505,[0.21201778 0.00752248 0.97723685],[-0.97662233 -0.034651    0.21215119],[-3.54581432e-02  9.99371161e-01  1.26121876e-09]
409,44319,16,"[2305.8802784093773, 4137.939669773553, 18.196236377174575]",-0.2113539113607876,-0.0658703679603508,-0.1527741651206223,-12.109687104555237,-3.774094079101865,-8.75331488004641,[0.24995712 0.00583081 0.96823935],[-0.96797602 -0.0225802   0.25002512],[-2.33208846e-02  9.99728028e-01 -1.66701254e-09]
411,42851,15,"[2268.418613534144, 4104.390009739705, 250.25369302933422]",-0.1252739261519497,0.1095106563451582,-0.1528576851350259,-7.177667251540271,6.274498420285118,-8.758100224376605,[-0.3836856  -0.00264429  0.92346   ],[-0.92343807 -0.00636418 -0.38369472],[-6.89167142e-03  9.99976256e-01 -1.85620445e-09]
412,7045,2,"[2085.2645261496054, 3933.97879506379, 96.13356990773599]",0.0390278418644967,0.1112804716175462,0.0014057991951742,2.236130622339644,6.375901365910744,0.0805463607263732,[ 0.21755992 -0.27651752  0.93605862],[-0.97577079 -0.03880537  0.21532652],[0.02321745 0.96022508 0.27826021]
419,300379,109,"[2021.3980206492727, 3773.938805648051, 234.603417682328]",-0.1099481586875148,0.2875740821390483,-0.1603245658566484,-6.299565458029235,16.476781203915934,-9.185920975853175,[-1.56722681e-01 -3.05792891e-07  9.87642644e-01],[-9.87642650e-01 -1.88637911e-06 -1.56722678e-01],[-1.91517366e-06  1.00000000e+00 -1.99750149e-09]
421,25580,9,"[2613.5505149482606, 4395.290705085153, 7.445230648944488]",-0.1267186965792328,-0.1066485116721452,-0.0731187104915366,-7.260446499388905,-6.1105096101656216,-4.189393514603978,[-0.86332127 -0.02869     0.50383854],[0.50356056 0.0167344  0.86379785],[-3.32138030e-02  9.99448265e-01 -3.66978615e-10]
429,39088,14,"[2156.5033759031653, 3958.3973123042165, 110.19097932869423]",-0.1974135623118644,0.0392434420909825,-0.193290890983526,-11.310963939112725,2.2484836053793504,-11.074752271679335,[0.62972229 0.00749248 0.77678421],[-0.77672924 -0.00924158  0.62976685],[-1.18972373e-02  9.99929222e-01 -4.35917053e-09]
433,163020,59,"[2458.946159425921, 4197.719071110276, 249.5367439577966]",-0.1623723161523971,0.1813652295327,-0.2032315019812843,-9.303248425296232,10.391462202645148,-11.64430732763222,[-0.68867546 -0.0016378   0.72506787],[0.72506583 0.00172434 0.68867741],[-2.37817366e-03  9.99997178e-01  4.03213037e-09]
437,12306,4,"[2872.9388365096497, 4645.760229659692, 205.8690069884609]",-0.1123884294427428,-0.0997382246290598,-0.0663040530100319,-6.439382673173,-5.714579327372892,-3.79894240208651,[-0.41777058 -0.01365913  0.90844987],[-0.9079647  -0.02968618 -0.41799382],[-3.26778420e-02  9.99465942e-01  1.90041121e-10]
444,227734,82,"[2012.1743222181024, 3696.3827425107156, 90.98734488482177]",0.0432411293822161,0.1794111933829028,-0.002305360295269,2.4775342149801105,10.279504178245777,-0.1320874151759454,[2.62011033e-02 7.87921342e-05 9.99656689e-01],[-0.99965217 -0.00300594  0.02620122],[-3.00697102e-03  9.99995482e-01 -1.67922424e-09]
446,27903,10,"[2498.2687455087835, 4242.574669407974, 204.21528151094864]",-0.0717033257454318,-0.0634715757480207,-0.0512797042303142,-4.108297942264983,-3.6366534094065024,-2.9381106270761563,[-0.31665436 -0.0089239   0.94849901],[-0.94812258 -0.02671985 -0.31678009],[-2.81706585e-02  9.99603126e-01 -8.80167383e-10]
447,24530,8,"[2594.073976873573, 4324.230632155865, 175.04219323277619]",-0.0060832978925553,0.0074453696651636,-0.0194581682317394,-0.3485472947642449,0.4265882587286107,-1.1148709167342048,[-0.80217771 -0.01528487  0.59688968],[0.59678136 0.0113712  0.80232331],[-1.90507577e-02  9.99818517e-01  4.67183277e-09]
448,74437,27,"[2762.0280484028085, 4404.244034957429, 162.50697905611457]",-0.0252683319465774,-0.2034097576545804,0.0411402954960328,-1.447768775874465,-11.65452062538635,2.35716529984375,[-0.55942471 -0.03236425  0.82824909],[-0.82686651 -0.0478365  -0.5603601 ],[-5.77561615e-02  9.98330717e-01 -9.10619268e-10]
449,2840,1,"[2149.1834079046507, 3912.0080828405435, 131.67676056338027]",0.2194132615923698,-0.7121885469405289,0.4179155997241802,12.571453858442666,-40.805397957247024,23.9448000568742,[-0.91104226 -0.28163736  0.30113517],[0.28770155 0.08893935 0.95358146],[ 2.95346927e-01 -9.55390072e-01 -2.37978459e-09]
450,49726,18,"[2380.2707605079463, 4111.3692939304365, 193.4237622169489]",-0.1160683275071514,0.2349670138174606,-0.1643345284119235,-6.6502253013019725,13.462618216532594,-9.415674906275932,[6.92177612e-01 4.54689244e-04 7.21727056e-01],[-7.21726904e-01 -4.74109089e-04  6.92177761e-01],[-6.56902147e-04  9.99999781e-01  1.12119685e-09]
452,34973,12,"[2460.977573996104, 4184.214309097004, 290.33251365338975]",-0.0945277383421911,0.0228708578408567,-0.1006190039726417,-5.4160404539245235,1.3104036281247762,-5.7650442664424375,[-0.99737271 -0.01562749 -0.0707351 ],[-0.07072642 -0.00110819  0.99749513],[-1.56667390e-02  9.99877266e-01 -2.68789390e-09]
453,46731,17,"[2605.217498805729, 4295.306673886206, 196.59660610729495]",-0.0255304740320774,-0.0195024866788848,-0.028701907629004,-1.462788411006386,-1.1174101767102125,-1.6444981711162685,[-0.64326818 -0.01449797  0.76550367],[0.76530931 0.01724853 0.64343153],[-2.25322549e-02  9.99746117e-01  5.80521997e-10]
458,42319,15,"[2750.8740566359616, 4444.17958608074, 130.8992414754602]",0.0258475361553496,0.0587621739587969,-0.0022225527024783,1.4809547325133394,3.366824562852617,-0.1273428895974078,[-0.96240644 -0.01252303 -0.27132456],[-0.27130159 -0.00353024  0.96248792],[-1.30111049e-02  9.99915353e-01  3.65450412e-09]
