ID,Pixels,ZDiscs,Centroid,Azi_[RAD],Ele_[RAD],Sph_[RAD],Azi_[DEG],Ele_[DEG],Sph_[DEG],PC1_ROT,PC2_ROT,PC3_ROT
1094,3850,1,"[1515.3275324675324, 2165.101818181818, 296.4207792207792]",0.0774340567441917,0.1778785108142756,0.0318356362690898,4.436644642018734,10.191687935730164,1.8240475963324556,[-0.99980694 -0.00350293 -0.01933419],[-1.93340676e-02 -6.77418565e-05  9.99813077e-01],[-3.50358021e-03  9.99993862e-01 -3.67426846e-09]
1197,26049,9,"[1682.2488387270146, 2048.5394832815077, 263.12372835809435]",-0.0450396552566387,0.0746784186498986,-0.0706427988413532,-2.580582156929609,4.278758209350247,-4.047534226601208,[0.39563929 0.00454818 0.91839472],[-0.91833405 -0.01055697  0.39566543],[-1.14950247e-02  9.99933932e-01  1.91073130e-09]
1205,4638,1,"[1685.1720569210868, 2086.136265631738, 244.78546787408365]",-0.0532332040662542,0.1546801771755516,-0.0929977518238457,-3.0500379229550134,8.862521326494914,-5.3283786837114135,[-0.80426698 -0.00374901 -0.59425632],[-0.59424986 -0.00277004  0.80427572],[-4.66134757e-03  9.99989135e-01  1.28397745e-09]
1209,29007,10,"[1716.3567070017582, 2202.8159409797636, 233.78474161409315]",-0.2457413087966853,-0.0630767106147344,-0.1796375694654401,-14.079939846071156,-3.614029303792325,-10.292474572357872,[-0.22456227 -0.00516571  0.97444605],[-0.97418833 -0.0224097  -0.22462168],[-2.29973766e-02  9.99735528e-01  6.11443354e-09]
1210,36877,13,"[1708.7351465683216, 2234.809989966646, 209.48027225642]",-0.1609270497205583,-0.0546511137997444,-0.1243557370643837,-9.220440758479938,-3.1312781664145284,-7.1250588920277735,[0.12240636 0.00310681 0.99247521],[-0.99215569 -0.02518199  0.12244578],[-2.53729169e-02  9.99678053e-01  1.92795617e-09]
1227,20191,7,"[1728.38457728691, 2149.9784557476105, 264.71477390916743]",-0.1715925284155215,0.0310168629191597,-0.1690211918013061,-9.831527674188024,1.7771353390036762,-9.684200938486036,[0.15193635 0.00216832 0.98838791],[-0.98828727 -0.01410412  0.15195182],[-1.42698279e-02  9.99898181e-01 -4.32306094e-09]
1240,66417,24,"[1799.9107909119653, 2279.607555294578, 279.0986946113194]",-0.0038826315783806,0.0838726684390742,-0.0344304126341995,-0.2224584028454188,4.8055499180590555,-1.9727173308335395,[-0.83061688 -0.00903545  0.55677101],[0.55673808 0.00605619 0.83066602],[-1.08773484e-02  9.99940841e-01  2.93022244e-09]
1242,59119,21,"[1774.7803582604577, 2333.135523266632, 229.57248938581506]",-0.111328212907801,-0.008548522172983,-0.1045525475437955,-6.378636740350842,-0.4897942415859333,-5.990419711600367,[-0.8078227  -0.01648917 -0.58919486],[-0.58907216 -0.01202406  0.80799098],[-2.04076133e-02  9.99791742e-01  4.25880670e-09]
1269,22972,8,"[1801.4550757443844, 2328.950896743862, 254.58440710430088]",-0.0333715276400714,0.0397345266883549,-0.0519998506865627,-1.9120476896802645,2.2766206801926696,-2.9793719796505016,[-0.99034188 -0.01541263  0.13778759],[0.13777091 0.00214412 0.9904618 ],[-1.55610562e-02  9.99878919e-01  4.08117717e-09]
1272,42250,15,"[1811.1189822485208, 1951.4347692307692, 207.4040946745562]",-0.0325313017731083,0.0698468712994696,-0.0581270829794038,-1.8639062936655504,4.00193093765305,-3.330436530126562,[-0.99093744 -0.01201258 -0.133786  ],[-0.13377616 -0.00162169  0.99101024],[-1.21215586e-02  9.99926533e-01  3.97830644e-09]
1276,26617,9,"[1827.3504151482136, 1928.683134838637, 230.1089153548484]",-0.033696973537177,-0.0679331559886359,-0.0209744354903599,-1.930694366044264,-3.892283127152712,-1.201746631267035,[-0.96647308 -0.03044254  0.25495694],[0.25483056 0.0080268  0.96695241],[-3.14829781e-02  9.99504290e-01 -2.82209453e-09]
1282,25810,9,"[1803.6592793490895, 2483.057342115459, 253.3571483920961]",-0.1996113475633474,0.0651531776475662,-0.2054630325732999,-11.436887758298797,3.733002101071637,-11.772164612409044,[0.29078232 0.00301534 0.95678449],[-0.95673304 -0.00992108  0.29079795],[-1.03691963e-02  9.99946235e-01 -7.35051154e-10]
1318,31020,11,"[1875.7119922630561, 1920.1262088974854, 269.1621534493875]",0.015495621933744,0.0286192095252619,-0.0056257166058242,0.8878337377338852,1.639759918798113,-0.3223298182503953,[0.29018215 0.00507995 0.95695794],[-0.95681135 -0.01675002  0.29022661],[-1.75033979e-02  9.99846804e-01  3.14902459e-09]
1322,118010,43,"[1926.4332175239385, 2140.768443352258, 221.69233963223456]",-0.1136826403078883,-0.0208693342566688,-0.1019341670511785,-6.513535493545817,-1.1957247741549146,-5.840397560214029,[-0.85022452 -0.01873878  0.52608661],[0.52595889 0.01159203 0.850431  ],[-2.20344621e-02  9.99757205e-01  1.79311796e-09]
1326,10099,3,"[1882.07525497574, 2474.0394098425586, 295.1548668184969]",0.0285275880409194,0.1504929560975887,-0.0133661169100739,1.6345103944325672,8.622611230839421,-0.7658220874256756,[-0.99962233 -0.00521131  0.02698204],[2.69816677e-02 1.40660960e-04 9.99635917e-01],[-5.21321091e-03  9.99986408e-01 -5.16098782e-09]
1333,5163,1,"[1879.4758861127252, 1958.8456323842727, 249.97365872554715]",-0.0678778991667372,0.1849384966335156,-0.1112552576040881,-3.8891171444686137,10.59619532659483,-6.374456709355009,[-0.81063195 -0.00230888 -0.58555146],[-0.58554908 -0.00166779  0.81063523],[-2.84822589e-03  9.99995940e-01  2.04389380e-09]
1341,7130,2,"[1894.4817671809258, 2500.1835904628333, 281.9438990182328]",-0.0341866010710942,0.1684316106902621,-0.0764026194845595,-1.9587479572711144,9.650420429142578,-4.377547640209251,[-0.87353457 -0.0033711  -0.48675044],[-0.48674682 -0.00187844  0.87354107],[-3.85912770e-03  9.99992554e-01  4.72172572e-09]
1349,20801,7,"[1914.366857362627, 2009.6109321667227, 265.0058651026393]",-0.0724629338586781,0.0905011304101247,-0.0993564996461,-4.151820281237889,5.185332813663216,-5.692708096914593,[0.13532567 0.00130928 0.99080031],[-0.99075393 -0.00958561  0.13533201],[-9.67461374e-03  9.99953198e-01 -2.56244398e-09]
1356,3349,1,"[1934.1376530307555, 2554.552105106002, 296.5276201851299]",0.1505563086614945,-0.0494874431712109,0.1301434191218385,8.626241065372568,-2.8354216326038895,7.456668647083525,[-0.98659684 -0.03016498  0.16036442],[0.16028953 0.00490082 0.98705788],[ 3.05604974e-02 -9.99532924e-01  1.55196131e-09]
1363,59603,21,"[1986.245792996997, 1786.5603912554736, 212.14682146871803]",-0.05449642926312,-0.0184150344642355,-0.054135216157738,-3.122415395310014,-1.0551037543886537,-3.1017194088668134,[-0.36537212 -0.00842435  0.93082342],[-0.9305761  -0.02145621 -0.36546923],[-2.30507858e-02  9.99734298e-01 -2.19191781e-09]
1365,40368,14,"[1978.7143281807373, 2165.3739347998417, 252.43975426080064]",-0.0622356856939712,0.045407397811828,-0.0791744321665169,-3.5658421253672543,2.6016522532893163,-4.536360808486251,[-0.95109321 -0.01381515  0.30859495],[0.3085624  0.00448204 0.95119354],[-1.45240093e-02  9.99894525e-01  2.12203292e-09]
1367,52501,19,"[1987.297461000743, 1711.382697472429, 250.42635378373745]",0.0302294489632886,-0.0195353299647226,0.018430896663513,1.7320198426025684,-1.1192919583740597,1.056012591461048,[-0.99459672 -0.02449463 -0.10088297],[-0.10085239 -0.00248376  0.9948983 ],[-2.46202350e-02  9.99696875e-01 -1.50509788e-09]
1368,64127,23,"[1999.249348948181, 2142.28201849455, 279.3048949740359]",0.0285633349870977,0.0826116483758127,-0.0038856367578918,1.6365585435790706,4.733298790552851,-0.2226305869480995,[-0.92083792 -0.01032225  0.38980892],[0.38978443 0.00436934 0.92089577],[-1.12089235e-02  9.99937176e-01 -4.60670725e-09]
1373,16309,5,"[1970.9209025691337, 1724.6156110123245, 230.9906799926421]",0.0892690070194279,-0.040321785334602,0.0745102875812772,5.1147373435369445,-2.310268122105196,4.26912500871321,[-0.98552288 -0.0282612   0.16717042],[0.16710173 0.00479187 0.98592801],[-2.86645699e-02  9.99589086e-01  1.25553687e-09]
1386,15562,5,"[1994.7597352525381, 2396.1239557897443, 214.7991260763398]",0.0677998869612293,0.0671639933120851,0.0353231216872821,3.8846473743425065,3.848213352027365,2.0238657919082925,[-0.99296387 -0.01301384 -0.11770049],[-0.11769038 -0.00154245  0.99304915],[-1.31049318e-02  9.99914130e-01 -1.19621757e-09]
1387,7756,2,"[1983.9677668901495, 2651.1654203197522, 276.89298607529656]",0.0424297175560131,-0.1656542626104217,0.0708738864830273,2.431043741891699,-9.491290105928956,4.060774573166761,[-0.97656998 -0.05241378  0.20871964],[0.20841967 0.01118615 0.97797552],[-5.35941665e-02  9.98562800e-01  5.53406987e-09]
1395,72294,26,"[2008.8477467009711, 2399.7922787506573, 246.18487011370237]",-0.0831680877215195,0.031613693307381,-0.0938014701715085,-4.765180416616872,1.8113312013339105,-5.374428352949721,[0.67100385 0.01063642 0.74137757],[-0.74128445 -0.01175047  0.67108815],[-1.58495077e-02  9.99874393e-01  3.82869137e-09]
1403,3932,1,"[1997.6742115971515, 2639.4852492370296, 296.2118514750763]",0.101773747530494,-0.3693855457227056,0.1880439465028127,5.831206198727301,-21.16423278304773,10.774124497595004,[-0.89243208 -0.10535727  0.43870814],[0.43568253 0.05143509 0.89862961],[-1.17242154e-01  9.93103358e-01 -2.86644462e-09]
1421,29006,10,"[2051.2196097359165, 1773.410535751224, 266.13186926842724]",0.0514696069180526,-0.021458667392303,0.0373775781529523,2.948991249601761,-1.2294910755539623,2.1415774765845654,[0.22499344 0.00566537 0.97434381],[-0.97403506 -0.02452632  0.22506476],[-2.51721477e-02  9.99683127e-01 -4.96371047e-09]
1422,98816,36,"[2114.945656573834, 2000.315009715026, 222.99368523316062]",-0.0542649195697002,-0.0580496292895633,-0.0407911474130928,-3.1091508669606895,-3.325998760590988,-2.337160588266208,[-0.82960552 -0.02429308  0.55782122],[0.55758221 0.01632751 0.82996113],[-2.92701424e-02  9.99571538e-01  5.11991556e-10]
1428,7014,2,"[2046.3454519532363, 2726.839463929284, 295.04961505560306]",-0.0127727029580664,-0.3249918105073652,0.103883603493834,-0.7318219724714652,-18.62065911838743,5.952092040807187,[-0.90350104 -0.08598692  0.41987154],[0.41798288 0.03977977 0.90758354],[-9.47427033e-02  9.95501792e-01 -6.18898768e-09]
1429,5197,1,"[2056.079084086973, 2332.9467000192417, 296.1027515874543]",0.0616043744157317,0.0986136877493161,0.0249073617008874,3.529670653565148,5.650148110256765,1.4270867042666353,[-9.99952662e-01 -9.72247198e-03  3.85132878e-04],[3.85111205e-04 3.74460352e-06 9.99999925e-01],[-9.72247636e-03  9.99952741e-01 -1.15630279e-10]
1433,98305,35,"[2116.4189613956564, 1566.130186663954, 207.0523472865063]",-0.1573596941981856,0.0306560236137349,-0.1569883894031796,-9.016046343025296,1.7564607697204035,-8.994772145358489,[-0.8871276  -0.01295875  0.46134228],[0.46129306 0.00673835 0.88722224],[-1.46059694e-02  9.99893324e-01  1.43886609e-10]
1441,21348,7,"[2091.0927487352446, 1876.7904721753794, 252.2551527075136]",-0.0471968383576002,-0.0867482458858456,-0.0249448130674551,-2.7041796442516386,-4.970308369422064,-1.429232509507962,[0.13287076 0.00458124 0.99112279],[-0.99053419 -0.03415253  0.13294972],[-3.44584217e-02  9.99406130e-01 -6.05359110e-11]
1450,7871,2,"[2099.4707152839537, 2413.2607038495744, 278.79252953881337]",-0.0829088657917211,-0.0490520965112536,-0.0668146559315514,-4.750328094082192,-2.810478106363224,-3.828197794496631,[-0.97913157 -0.02648607 -0.20149407],[-0.20142039 -0.00544853  0.97948974],[-2.70406865e-02  9.99634330e-01 -4.86304340e-10]
1458,7627,2,"[2107.3833748524976, 1937.1867051265242, 246.95581486823127]",-0.0053720736618041,-0.1126066587408614,0.0165253368582937,-0.3077971480547603,-6.451886290921298,0.9468320570122088,[-0.1543725  -0.00627719  0.98799277],[-0.98717699 -0.0401412  -0.15450007],[-4.06290421e-02  9.99174297e-01 -3.80950585e-09]
1460,51281,18,"[2149.599832296562, 1550.4772332832822, 248.75257892786803]",0.0494942449650568,-0.0240366246550866,0.0362441386157414,2.8358113466843804,-1.3771971464765578,2.0766361747691136,[-0.97987327 -0.02505865 -0.19804151],[-0.19797679 -0.00506293  0.98019364],[-2.55650065e-02  9.99673160e-01  1.69292410e-09]
1474,66666,24,"[2180.139276392764, 1987.6722767227673, 273.4387543875439]",0.0637669983709763,0.0293345866641381,0.0379710530756789,3.653579878874552,1.680748009615865,2.175581084903648,[-0.95823626 -0.01705746  0.28546858],[0.28542337 0.0050808  0.95838807],[-1.77980689e-02  9.99841603e-01 -2.83802496e-10]
1482,15828,5,"[2158.101971190296, 2005.2929618397777, 249.86163760424563]",0.0070820109183769,-0.0285321939086184,0.0008112373921053,0.4057693360885679,-1.6347742912127146,0.0464804787508299,[-0.86555963 -0.02226972  0.50031049],[0.50014498 0.01286807 0.86584607],[-2.57201737e-02  9.99669183e-01  7.50006728e-10]
1484,5477,1,"[2162.9076136571116, 2002.9121781997444, 296.5030125981377]",0.0407630429266259,0.2389748094554102,-0.0081663188388274,2.3355503198062593,13.692247991738045,-0.467895603622992,[-9.99584618e-01 -8.14607486e-04 -2.88086133e-02],[-2.88086075e-02 -2.34782988e-05  9.99584946e-01],[-8.14949427e-04  9.99999669e-01 -3.50549230e-09]
1490,16112,5,"[2161.0052135054616, 2230.183341608739, 214.10681479642503]",-0.0537251760098635,0.0288823962237066,-0.0672702648054366,-3.0782258389626804,1.6548394058429814,-3.85430226007896,[-0.95690789 -0.0159166  -0.28995507],[-0.28991497 -0.00482226  0.95704026],[-1.66310675e-02  9.99861694e-01  1.52396713e-09]
1494,123546,45,"[2285.5393699512733, 2762.737191005779, 263.4388163113334]",-0.1222454013342675,-0.1626421028610651,-0.0445364380024099,-7.004145561336443,-9.318706065071645,-2.5517499320841424,[-0.7028876  -0.03221964  0.71057085],[0.70982549 0.03253767 0.70362567],[-4.57908862e-02  9.98951044e-01 -6.06790485e-10]
1498,9540,3,"[2164.9340670859538, 2543.056498951782, 263.43197064989516]",-0.0926642780597197,-0.1688398394708756,-0.0223106161046302,-5.309272044448647,-9.6738102153475,-1.278304141131919,[-0.99530636 -0.04855937 -0.08370921],[-0.08360976 -0.00407918  0.99649022],[-4.87304016e-02  9.98811968e-01 -4.19665897e-09]
1499,77706,28,"[2188.5025480657864, 2259.1374668622757, 244.39206753661236]",-0.0291718883397522,-0.0392141340234679,-0.026579906945467,-1.6714260822947011,-2.246804376805077,-1.522916487825725,[0.67991006 0.01821064 0.73306936],[-0.73280656 -0.01962741  0.68015389],[-2.67742914e-02  9.99641507e-01 -1.29125852e-09]
1504,47140,17,"[2220.9374204497244, 2582.593869325414, 287.0354900296988]",-0.1561473593654962,-0.2197568866057495,-0.0324982237278866,-8.946584673755495,-12.591142121444456,-1.8620110612798155,[-0.98471316 -0.05456324  0.16541716],[0.1651638  0.00915177 0.98622369],[-5.53254162e-02  9.98468375e-01  4.45241185e-10]
1506,93836,34,"[2275.3754742316382, 1836.3250031970672, 213.0749072850505]",-0.0359366764961199,-0.1548909514869547,0.0100072727111698,-2.0590198929546517,-8.874597804968086,0.5733744907864704,[-0.75033232 -0.03638882  0.66005853],[0.65928369 0.03197324 0.75121417],[-4.84400159e-02  9.98826094e-01 -4.36073090e-09]
1512,23118,8,"[2200.8310407474696, 2615.7436629466215, 215.4952850592612]",-0.0933123657362058,-0.0408840339823013,-0.0781178013947201,-5.346404733065739,-2.342482596655305,-4.475820324758644,[-0.99218206 -0.02529971 -0.12220755],[-0.12216783 -0.00311517  0.99250457],[-2.54907782e-02  9.99675054e-01  3.06893953e-09]
1516,70110,25,"[2248.488432463272, 2740.4858222792755, 205.51374982170876]",-0.0659205936113296,-0.1890391270139589,0.0048208680509074,-3.7769717969262473,-10.831144140737358,0.276215392906451,[-0.12510738 -0.00684354  0.9921196 ],[-0.9906386  -0.05418923 -0.12529441],[-5.46196564e-02  9.98507240e-01 -2.89106831e-10]
1517,27285,9,"[2218.904892798241, 1616.7445849367784, 261.77540773318674]",0.0826193892414313,-0.0676651194754834,0.0748964829499736,4.7337423094825795,-3.876925766193672,4.291252373407019,[0.18149074 0.00608769 0.98337381],[-0.98282107 -0.0329665   0.1815928 ],[-3.35238756e-02  9.99437921e-01  1.00135817e-09]
1531,21448,7,"[2244.1382879522566, 1713.9627471092876, 238.78081872435658]",-0.050099447483737,-0.1104288614925667,-0.0181649596780609,-2.8704868967554376,-6.327107699958809,-1.0407755245782155,[2.50867245e-02 9.73930222e-04 9.99684809e-01],[-0.9989323  -0.03878107  0.02510561],[-3.87932992e-02  9.99247257e-01 -2.30711338e-09]
1537,4040,1,"[2241.1415841584158, 2201.1712871287127, 296.12549504950493]",0.0401559134215134,0.2768597323299332,-0.0098604574071603,2.3007643615454754,15.862894179626844,-0.5649625934987981,[-9.95030913e-01 -9.55382296e-05 -9.95664468e-02],[-9.95664557e-02 -9.56016656e-06  9.95030911e-01],[-9.60212478e-05  9.99999990e-01 -1.29889585e-09]
1551,88047,32,"[2324.8406419298785, 1812.2325803264166, 256.169511738049]",0.0607519695185265,-0.0329589646512804,0.0480785733213751,3.4808314505189912,-1.888409571639233,2.754699336325068,[-0.15111655 -0.00410442  0.98850743],[-0.98814302 -0.0268386  -0.15117229],[-2.71506247e-02  9.99631354e-01 -4.37865785e-09]
1564,10611,3,"[2289.300065969277, 2297.644519837904, 275.5008010555084]",-0.1217523979754799,0.1633605729973759,-0.1603250917056959,-6.975898549592145,9.35987137158844,-9.185951104784262,[-0.84784974 -0.00325108 -0.53022661],[-0.53022271 -0.00203314  0.84785597],[-3.83446177e-03  9.99992649e-01  4.71901885e-09]
1585,13513,4,"[2333.0196107452084, 1857.8374898246134, 291.94138977281136]",-0.179614017200699,0.2064882166089631,-0.2232756223301612,-10.291125126990224,11.830903330876732,-12.79275082767516,[-0.93975866 -0.00152542  0.34183525],[3.41834796e-01 5.54869583e-04 9.39759899e-01],[-1.62319401e-03  9.99998682e-01 -4.26850544e-09]
1586,17028,6,"[2327.0778717406624, 2076.71834625323, 211.75786939159033]",-0.0281131188508099,-0.0241766219746357,-0.0302350908050446,-1.6107630591010746,-1.3852184020298672,-1.7323430963238593,[0.75102306 0.01835457 0.66002081],[-0.65982379 -0.01612571  0.75124731],[-2.44321361e-02  9.99701491e-01  5.72631875e-09]
1588,79658,29,"[2360.9656406136232, 2121.5657686610257, 239.53619222174797]",-0.019995710676373,-0.1082113058487999,0.0037585853911143,-1.145669830120852,-6.200051120735555,0.2153510798503788,[0.70890621 0.02790314 0.7047506 ],[-0.70420531 -0.02771811  0.70945513],[-3.93303772e-02  9.99226261e-01 -1.47744913e-09]
1593,9680,3,"[2343.7801652892563, 1986.8336776859503, 294.49204545454546]",-0.1340344884215922,-0.2439268285423838,-0.0060612910546473,-7.679610495752328,-13.97597778548986,-0.3472863958316949,[-0.99214327 -0.06220911  0.10854384],[0.10833109 0.00679255 0.99409166],[-6.25788490e-02  9.98040026e-01 -5.90625940e-10]
1594,14701,5,"[2361.836541731855, 2496.251411468608, 245.82803890891776]",-0.114386323446066,-0.1809352088698207,-0.0300481360369314,-6.5538535674779155,-10.366823833558747,-1.721631377151127,[-0.58837777 -0.02947017  0.80804895],[-0.80703727 -0.04042221 -0.58911535],[-5.00244518e-02  9.98747992e-01  1.87388198e-09]
1598,11184,4,"[2356.910765379113, 2429.857296137339, 258.04810443490703]",-0.0732246998820063,-0.0259527625041215,-0.0671969676316732,-4.1954662593510506,-1.4869837581915384,-3.8501026413720822,[-0.99131845 -0.02355801  0.12935514],[0.12931863 0.00307317 0.99159833],[-2.37576069e-02  9.99717749e-01 -7.89016349e-10]
1614,21745,7,"[2376.7469303288112, 2486.5292710968038, 208.32306277305128]",-0.0499547157871522,-0.1934929357453061,0.0173081038489518,-2.862194381379368,-11.086328583802068,0.9916813019190798,[-0.96760877 -0.05475694 -0.24644462],[-0.24605096 -0.01392402  0.96915688],[-5.64995679e-02  9.98402626e-01 -2.87798046e-09]
1618,55062,20,"[2435.6744215611493, 2473.3536922015182, 285.86540626929644]",-0.1594508180321652,-0.2306409743249584,-0.0276171479903541,-9.135858913151536,-13.214754411605297,-1.5823460220355017,[-0.77993075 -0.04484748  0.62425695],[0.62322745 0.03583674 0.7812191 ],[-5.74070426e-02  9.98350854e-01 -8.19161299e-10]
1625,22438,8,"[2401.2380336928427, 2593.1217577324182, 239.02932525180498]",-0.068182713992722,-0.2500108526248225,0.0339305885469289,-3.906581747530552,-14.324566687869549,1.9440795201339611,[-0.95290589 -0.06614385  0.29596511],[0.29525467 0.02049445 0.95519875],[-6.92461679e-02  9.97599604e-01 -3.49641681e-09]
1646,4186,1,"[2420.719302436694, 2078.2809364548493, 295.6784519827998]",-0.0480876211487597,-0.0387844313650542,-0.0423040997786345,-2.7552177386479713,-2.2221842280324218,-2.423846373416083,[-0.9974746  -0.02623912  0.06599938],[0.06597656 0.00173555 0.99781966],[-2.62964525e-02  9.99654190e-01 -1.97672484e-09]
1663,15050,5,"[2459.577607973422, 2581.3729568106314, 275.80511627906975]",-0.1534028225715848,-0.2348809905572758,-0.02181460044787,-8.789334298746013,-13.457689446784045,-1.2498845374271497,[-0.55276815 -0.03259318  0.83269747],[-0.83125371 -0.04901368 -0.55372821],[-5.88613328e-02  9.98266167e-01  3.52810899e-09]
1685,9422,3,"[2484.793780513691, 2192.9320738696665, 274.8723201018892]",0.0940227816802958,-0.270028059205581,0.1440320961240561,5.387108568360901,-15.471468142588506,8.252431222330998,[-0.89734648 -0.07508051 -0.43489334],[-0.43337904 -0.0362606   0.90048197],[-8.33781380e-02  9.96517979e-01  9.80682519e-10]
1692,16394,5,"[2502.501097962669, 1937.6865926558496, 205.97029401000367]",0.004563187128765,-0.1171304234502995,0.0257227699521586,0.2614513636066675,-6.711078916282325,1.473806155644617,[0.79949968 0.03346793 0.5997334 ],[-0.59920862 -0.02508353  0.80019987],[-4.18244587e-02  9.99124973e-01  1.62065080e-09]
1694,83665,30,"[2531.325703699277, 1975.3182692882328, 234.06246339568517]",-0.0055436686111605,-0.1143326598480882,0.0169934644718022,-0.317628814438649,-6.550778869800304,0.973653793539782,[0.77627076 0.0318324  0.62959542],[-0.62906674 -0.02579603  0.77692316],[-4.09723889e-02  9.99160275e-01 -6.71080690e-10]
1696,48216,17,"[2515.8094823295173, 1845.4781607765058, 283.6499709639954]",-0.0206706758394497,-0.2195110457685383,0.0481630907835773,-1.1843424852835085,-12.577056479040294,2.7595418302044195,[0.77700113 0.05012225 0.62750061],[-0.62619909 -0.04039441  0.77861607],[-6.43735045e-02  9.97925879e-01  4.07831211e-10]
1706,38682,14,"[2553.2441187115455, 2450.744506488806, 225.35357530634403]",-0.172365061316952,-0.1270079267408309,-0.0956446207828701,-9.87579054897499,-7.277018166956356,-5.480033103987701,[-0.98186177 -0.03567028 -0.1862125 ],[-0.18608974 -0.00676049  0.98250949],[-3.63052769e-02  9.99340750e-01 -1.47274988e-09]
1749,8673,3,"[2585.855298051424, 1928.8572581575004, 292.7640954686959]",0.0410760213337466,-0.0832257431742165,0.0442365761653908,2.3534826616130147,-4.7684838307223245,2.53456911438591,[0.75496515 0.02711946 0.65520391],[-0.6547816  -0.02352071  0.75545207],[-3.58983186e-02  9.99355446e-01 -6.91111777e-10]
1760,3693,1,"[2617.6138640671543, 2001.203899268887, 296.7692932575142]",0.2571749908908862,-0.770392944562289,0.4534859838741443,14.73504157436318,-44.14026429007516,25.98283294432617,[-0.68727258 -0.25354612  0.68071342],[0.63864007 0.23560479 0.73254982],[ 3.46114520e-01 -9.38192273e-01  1.24107504e-09]
1762,11461,4,"[2620.7020329814154, 2030.5609458162464, 261.3123636680918]",0.2071868332606081,-0.4021591764524828,0.2629499466269885,11.87093111651356,-23.042023503184225,15.0659221649167,[-0.94159573 -0.12612214 -0.31223499],[-0.30947118 -0.04145215  0.9500049 ],[ 1.32759462e-01 -9.91148286e-01 -4.33999219e-09]
1908,37998,13,"[2887.5242907521447, 2194.592794357598, 209.6069266803516]",-0.1131246256932296,-0.3400233759381071,0.0637395197679211,-6.481563611219244,-19.481904377043683,3.652005470892562,[-0.97557585 -0.08761911 -0.20143151],[-0.20062399 -0.01801858  0.9795026 ],[-8.94526553e-02  9.95991078e-01 -3.07160609e-09]
