ID,Pixels,ZDiscs,Centroid,Azi_[RAD],Ele_[RAD],Sph_[RAD],Azi_[DEG],Ele_[DEG],Sph_[DEG],PC1_ROT,PC2_ROT,PC3_ROT
860,208913,76,"[1241.4409969700305, 1723.5253000052653, 233.39610747057387]",-0.0067323777231336,0.1240267490011331,-0.0438334346015455,-0.3857368296234398,7.106209264493327,-2.5114708042312657,[-0.82922896 -0.00591807 -0.55887772],[-0.55886349 -0.00398852  0.82925007],[-7.13665890e-03  9.99974529e-01 -3.13970518e-09]
885,109927,40,"[1289.0575563783239, 1791.3893856832262, 271.46298907456764]",-0.0756105097008297,0.2260273290642388,-0.1229808534940816,-4.332163092690507,12.950412009995532,-7.046283866127581,[-0.86218759 -0.00097423 -0.50658821],[-5.06587883e-01 -5.72415318e-04  8.62188137e-01],[-1.12994009e-03  9.99999357e-01  1.58094408e-09]
913,10910,3,"[1224.614848762603, 1710.8856095325389, 204.43675527039414]",-0.0615952007208138,0.1831243297143281,-0.1049014866583131,-3.5291450395637867,10.492251218793134,-6.010412450169255,[-0.90112802 -0.0026656  -0.43354491],[-0.43354302 -0.00128245  0.90113196],[-2.95806103e-03  9.99995630e-01  1.09425748e-09]
953,13970,5,"[1318.6561918396565, 1876.3767358625626, 294.5735146743021]",0.038681097787018,0.1433648963778793,-0.0027139459514541,2.216263650128951,8.214203492782868,-0.1554976488449426,[-0.98562389 -0.0056794   0.16885876],[1.68855962e-01 9.72988027e-04 9.85640258e-01],[-5.76213317e-03  9.99983398e-01 -4.38850236e-09]
980,172617,62,"[1406.0770607761692, 1553.8612419402493, 243.46680222689537]",-0.0111122550384634,0.1474857255581304,-0.0513620518559642,-0.6366853145769369,8.450309612905611,-2.9428287984788284,[-0.91718128 -0.00487064 -0.39844043],[-0.39843481 -0.00211587  0.91719421],[-5.31036581e-03  9.99985903e-01 -1.09408363e-10]
983,15086,5,"[1349.3372663396526, 1919.4427283574175, 280.77687922577223]",-0.0543788406172907,0.195535953249329,-0.0992326725588615,-3.1156780621853244,11.20338486425393,-5.685613327426431,[-0.96727503 -0.00228362 -0.25371991],[-2.53719202e-01 -5.99001979e-04  9.67277729e-01],[-2.36086916e-03  9.99997210e-01 -9.09197335e-10]
998,45218,16,"[1417.6598699632889, 1549.4802512273873, 285.89933212437523]",0.0650562337210449,0.1228891557384222,0.0251274594368854,3.727447623232535,7.041029971737476,1.4396973756197085,[-0.93794843 -0.00702128 -0.34670368],[-0.34669397 -0.00259527  0.93797471],[-7.48557435e-03  9.99971985e-01 -8.08921252e-10]
1000,51983,18,"[1390.9844564569187, 2012.683896658523, 205.11097858915414]",0.0011664560211746,0.1192302695260454,-0.0355777092824417,0.0668330070009375,6.831391234049677,-2.0384525866273293,[0.71851387 0.00544416 0.69549131],[-0.69547136 -0.00526957  0.7185345 ],[-7.57675781e-03  9.99971303e-01 -1.94627383e-09]
1003,117439,42,"[1422.0846992906957, 2058.0844097786935, 271.71737668065975]",0.011678133257936,0.1503013750845783,-0.0296792181546429,0.6691077482711023,8.611634447359085,-1.7004939395090943,[-0.47881213 -0.00248114  0.87791389],[-0.8779021  -0.00454916 -0.47881855],[-5.18178255e-03  9.99986578e-01 -2.15516357e-09]
1019,10453,3,"[1405.353678369846, 1556.3670716540705, 207.18387065914092]",-0.0068348233655965,0.1445141724647969,-0.0468405248413085,-0.3916065325660867,8.280052162058558,-2.6837643835846663,[-0.88221726 -0.00488724 -0.47081719],[-0.47080996 -0.00260816  0.8822308 ],[-5.53963934e-03  9.99984656e-01  2.77671770e-09]
1020,82011,29,"[1461.3351257758106, 2161.2119837582763, 246.60985721427613]",-0.0374765040211793,0.1091440925480575,-0.0705119551474514,-2.14724551131863,6.253495861788956,-4.040037435164727,[-0.58209279 -0.0047987   0.81310821],[-0.81308058 -0.00670293 -0.58211257],[-8.24359327e-03  9.99966023e-01  5.61090272e-09]
1049,9126,3,"[1444.2030462415078, 1643.4511286434363, 200.90094236248083]",0.0236856905406832,0.1184029001370382,-0.01396969089387,1.3570901028340927,6.783986459961248,-0.8004043293210898,[-0.98104623 -0.007597   -0.19362485],[-0.19361905 -0.00149934  0.98107564],[-7.74353738e-03  9.99970021e-01 -2.93989096e-09]
1069,13269,4,"[1480.1798929836461, 1691.8237998342, 211.9367699148391]",0.0337946481540534,0.1684675361940664,-0.0101261745400292,1.9362907093568535,9.652478808887444,-0.5801870637565045,[-0.95161901 -0.00382329  0.30725664],[0.30725416 0.00123445 0.95162669],[-4.01764547e-03  9.99991925e-01 -1.84926557e-09]
1072,49927,18,"[1500.8231017285236, 1714.9192420934564, 263.16918701303905]",-0.0204308744198087,0.177968001633344,-0.064101784168138,-1.1706028760168294,10.196815381967957,-3.672761692092827,[-0.80209538 -0.00267798 -0.59718994],[-0.5971866  -0.00199384  0.80209986],[-3.33870487e-03  9.99994428e-01  2.02222713e-09]
1076,137995,50,"[1587.328780028262, 1883.0477843400124, 277.68262618210804]",-0.0310426340087164,0.1097046583661554,-0.0645516001649529,-1.7786119136687262,6.285613917305264,-3.698534250267798,[-0.9829307  -0.0080941   0.18379805],[0.18379181 0.00151346 0.98296403],[-8.23438116e-03  9.99966096e-01 -2.76428321e-09]
1078,7548,2,"[1487.2372813990462, 1688.217938526762, 287.6356650768415]",0.1060325012943117,0.1577055905372697,0.061477347449269,6.075214815379496,9.035864743403849,3.5223925445024733,[0.68445884 0.00330451 0.72904401],[-0.72903552 -0.00351972  0.68446682],[-4.82785485e-03  9.99988347e-01 -6.26039277e-10]
1094,3850,1,"[1515.3275324675324, 2165.101818181818, 296.4207792207792]",0.0774340567441917,0.1778785108142756,0.0318356362690898,4.436644642018734,10.191687935730164,1.8240475963324556,[-0.99980694 -0.00350293 -0.01933419],[-1.93340676e-02 -6.77418565e-05  9.99813077e-01],[-3.50358021e-03  9.99993862e-01 -3.67426846e-09]
1097,178052,64,"[1586.7583402601488, 1416.1530732594972, 247.92781883944016]",0.0192125180753177,0.1101783477269981,-0.0170450563954661,1.100796199534514,6.312754318481799,-0.976609793022682,[-0.93713128 -0.00792625 -0.34888698],[-0.34887451 -0.00295078  0.93716481],[-8.45769661e-03  9.99964231e-01  4.06617446e-09]
1110,61703,22,"[1566.7739169894494, 1872.6123365152423, 211.66565645106397]",-0.0527531053099621,0.1981273197162496,-0.0979032255124595,-3.0225302904700015,11.351859225980206,-5.609441622581457,[0.57136111 0.00128237 0.82069778],[-0.82069571 -0.00184198  0.57136255],[-2.24440071e-03  9.99997477e-01  9.91931611e-10]
1114,35636,12,"[1599.8849758671006, 1404.4398641822875, 289.4399764283309]",0.0835455095895056,0.0129524344514387,0.0589421150507496,4.786805096748424,0.7421198284872901,3.377134427982483,[-0.99340991 -0.02006756 -0.11284522],[-0.11282221 -0.00227908  0.99361258],[-2.01965598e-02  9.99796027e-01 -3.84620788e-09]
1136,56087,20,"[1613.580384046214, 2041.0021930215557, 213.75498778683118]",-0.1109381012293768,0.1287174271402315,-0.1434443571877914,-6.356284987638375,7.374965324917944,-8.218756261827526,[-0.53757636 -0.00331448  0.84320856],[-0.84319253 -0.00519879 -0.53758657],[-6.16548627e-03  9.99980993e-01 -2.07385402e-09]
1139,46029,16,"[1618.802081296574, 1987.8639987833758, 242.07879814899303]",-0.0292406042846642,0.0760720200730832,-0.0564143551649368,-1.6753632159234115,4.3586056892221485,-3.2323044549029376,[-0.99480584 -0.01143227  0.1011466 ],[0.10113992 0.00116229 0.99487153],[-1.14912064e-02  9.99933976e-01 -2.94543277e-10]
1149,9290,3,"[1611.1122712594188, 1478.1787944025834, 205.90764262648008]",0.2028783624437213,-0.0857106645743543,0.1823886386006724,11.62407392255068,-4.910859339371964,10.45009922295538,[0.65420386 0.02444482 0.75592311],[-0.75539596 -0.02822595  0.6546604 ],[ 3.73397083e-02 -9.99302627e-01  3.36042829e-09]
1175,13101,4,"[1652.0809098542095, 1533.080070223647, 219.12075414090526]",0.0977222664368886,0.2851075323133825,0.0476002361756293,5.599073431286655,16.33545830894656,2.727292636689505,[-9.19541378e-01 -3.06059358e-05  3.92993203e-01],[3.92993199e-01 1.30828251e-05 9.19541375e-01],[-3.32787950e-05  9.99999998e-01  2.78015946e-10]
1181,58314,21,"[1674.8249133998697, 1562.3596563432452, 272.52580855369206]",-0.0408559773579035,0.2180652615663183,-0.0879562052841346,-2.340875070489929,12.4942191461664,-5.039519344767186,[5.47528048e-01 7.89216010e-04 8.36786957e-01],[-0.83678609 -0.00120616  0.54752862],[-1.44142717e-03  9.99998966e-01 -4.05776132e-09]
1191,177725,64,"[1747.2626642284429, 1254.3512899141933, 244.5439246026164]",0.0309847282642086,0.0981847246906852,-0.0040751959045215,1.775294158898873,5.62557033743019,-0.2334915260180849,[-0.99848649 -0.00962779 -0.05414813],[-5.41456055e-02 -5.22090947e-04  9.98532915e-01],[-9.64193632e-03  9.99953512e-01  3.42253286e-09]
1197,26049,9,"[1682.2488387270146, 2048.5394832815077, 263.12372835809435]",-0.0450396552566387,0.0746784186498986,-0.0706427988413532,-2.580582156929609,4.278758209350247,-4.047534226601208,[0.39563929 0.00454818 0.91839472],[-0.91833405 -0.01055697  0.39566543],[-1.14950247e-02  9.99933932e-01  1.91073130e-09]
1205,4638,1,"[1685.1720569210868, 2086.136265631738, 244.78546787408365]",-0.0532332040662542,0.1546801771755516,-0.0929977518238457,-3.0500379229550134,8.862521326494914,-5.3283786837114135,[-0.80426698 -0.00374901 -0.59425632],[-0.59424986 -0.00277004  0.80427572],[-4.66134757e-03  9.99989135e-01  1.28397745e-09]
1207,27147,9,"[1714.8600950381258, 1652.9615427119018, 290.9353888090765]",-0.0480920157580397,0.1716492340100771,-0.0903269591359341,-2.755469531212327,9.834776665430851,-5.175353534739678,[-0.99234011 -0.00360024  0.12348341],[1.23482596e-01 4.47996617e-04 9.92346636e-01],[-3.62800069e-03  9.99993424e-01  4.62822258e-09]
1209,29007,10,"[1716.3567070017582, 2202.8159409797636, 233.78474161409315]",-0.2457413087966853,-0.0630767106147344,-0.1796375694654401,-14.079939846071156,-3.614029303792325,-10.292474572357872,[-0.22456227 -0.00516571  0.97444605],[-0.97418833 -0.0224097  -0.22462168],[-2.29973766e-02  9.99735528e-01  6.11443354e-09]
1210,36877,13,"[1708.7351465683216, 2234.809989966646, 209.48027225642]",-0.1609270497205583,-0.0546511137997444,-0.1243557370643837,-9.220440758479938,-3.1312781664145284,-7.1250588920277735,[0.12240636 0.00310681 0.99247521],[-0.99215569 -0.02518199  0.12244578],[-2.53729169e-02  9.99678053e-01  1.92795617e-09]
1217,61142,22,"[1735.2805436524811, 1719.331932223349, 218.64366556540512]",0.0060255901484218,0.0939695093955265,-0.0269364995413454,0.3452408845801784,5.384056291278606,-1.5433477385751715,[0.4714968  0.00467994 0.88185535],[-0.88181192 -0.00875261  0.47152002],[-9.92522485e-03  9.99950739e-01 -4.48374874e-09]
1224,42131,15,"[1761.3488879922147, 1229.8217227219861, 288.0280790866583]",0.099589034805076,0.0190721931739524,0.0724861386933247,5.706031380112336,1.092756174925693,4.153149820327442,[-0.98804528 -0.01917443 -0.15296688],[-0.15293808 -0.00296798  0.98823132],[-1.94027768e-02  9.99811744e-01  3.73627469e-09]
1227,20191,7,"[1728.38457728691, 2149.9784557476105, 264.71477390916743]",-0.1715925284155215,0.0310168629191597,-0.1690211918013061,-9.831527674188024,1.7771353390036762,-9.684200938486036,[0.15193635 0.00216832 0.98838791],[-0.98828727 -0.01410412  0.15195182],[-1.42698279e-02  9.99898181e-01 -4.32306094e-09]
1228,101306,36,"[1785.111671569305, 1767.3597417724518, 278.6565060312321]",0.014698666830391,0.1648976968657509,-0.0284015970568497,0.8421715738503508,9.447942081835151,-1.62729164278867,[-0.7857798  -0.00330423  0.61849752],[0.61849206 0.00260078 0.78578675],[-4.20499373e-03  9.99991158e-01 -1.77331890e-09]
1239,26753,9,"[1761.6309572758196, 1847.0876911000635, 207.6453855642358]",0.0021288522836577,0.0659310863566197,-0.0254648813764734,0.1219742510603794,3.7775729869468737,-1.459030228673214,[-6.47213602e-03 -8.31517147e-05  9.99979053e-01],[-0.99989654 -0.01284569 -0.00647267],[-1.28459608e-02  9.99917491e-01 -2.57406192e-09]
1247,8968,3,"[1756.525089206066, 1298.2612622658341, 202.91469669937555]",0.1073635858222372,-0.0722190901365064,0.0970124487404077,6.151480341004799,-4.137849065096688,5.558403873054601,[0.64867919 0.02246236 0.7607304 ],[-0.76027472 -0.02632668  0.64906799],[-3.46071040e-02  9.99400998e-01 -2.86517336e-09]
1264,49294,17,"[1807.6942629934679, 1853.1765326408893, 249.84091370146467]",0.0046643589943373,0.0499773686408991,-0.0199426506247598,0.2672480845094185,2.863492294292991,-1.1426297131026786,[-0.9912999  -0.01459034 -0.13081141],[-0.13079725 -0.00192513  0.99140727],[-1.47167939e-02  9.99891702e-01  1.86267304e-09]
1272,42250,15,"[1811.1189822485208, 1951.4347692307692, 207.4040946745562]",-0.0325313017731083,0.0698468712994696,-0.0581270829794038,-1.8639062936655504,4.00193093765305,-3.330436530126562,[-0.99093744 -0.01201258 -0.133786  ],[-0.13377616 -0.00162169  0.99101024],[-1.21215586e-02  9.99926533e-01  3.97830644e-09]
1273,13627,4,"[1807.2670433697806, 1354.1952740882073, 219.5947750788875]",0.0580458222905031,0.177121347695428,0.0128509464391496,3.325780635612233,10.148305684617236,0.736304993711947,[-0.91724028 -0.00323514  0.39832122],[0.39831875 0.00140489 0.91724599],[-3.52701027e-03  9.99993776e-01  7.57619164e-10]
1276,26617,9,"[1827.3504151482136, 1928.683134838637, 230.1089153548484]",-0.033696973537177,-0.0679331559886359,-0.0209744354903599,-1.930694366044264,-3.892283127152712,-1.201746631267035,[-0.96647308 -0.03044254  0.25495694],[0.25483056 0.0080268  0.96695241],[-3.14829781e-02  9.99504290e-01 -2.82209453e-09]
1303,57253,20,"[1847.8737533404362, 1408.96906712312, 272.8724957644141]",0.0340939343207842,0.1363446431812333,-0.0063202146585423,1.953438543577164,7.811972613501828,-0.3621216255511967,[0.57442429 0.00361353 0.81854974],[-0.81853354 -0.00514914  0.57443566],[-6.29057677e-03  9.99980216e-01 -2.16050929e-09]
1318,31020,11,"[1875.7119922630561, 1920.1262088974854, 269.1621534493875]",0.015495621933744,0.0286192095252619,-0.0056257166058242,0.8878337377338852,1.639759918798113,-0.3223298182503953,[0.29018215 0.00507995 0.95695794],[-0.95681135 -0.01675002  0.29022661],[-1.75033979e-02  9.99846804e-01  3.14902459e-09]
1321,88162,32,"[1898.5660261790795, 1589.1877339443297, 213.8223951362265]",-0.2632277507513068,0.1253260045068091,-0.2826895285671003,-15.081839168771452,7.180651121477698,-16.196916899437767,[-0.76188308 -0.00383919 -0.64770319],[-0.64769497 -0.00326379  0.76189275],[-5.03903053e-03  9.99987305e-01 -4.24352122e-09]
1325,19188,6,"[1883.658015426308, 1491.2396810506566, 293.50818219720657]",-0.0034701447603966,0.1157482262171143,-0.0394558101205964,-0.1988246490701612,6.631884848366157,-2.2606513971797355,[-0.98983462 -0.00777606  0.14201043],[0.14200605 0.00111559 0.98986517],[-7.85567998e-03  9.99969142e-01  4.52631627e-09]
1333,5163,1,"[1879.4758861127252, 1958.8456323842727, 249.97365872554715]",-0.0678778991667372,0.1849384966335156,-0.1112552576040881,-3.8891171444686137,10.59619532659483,-6.374456709355009,[-0.81063195 -0.00230888 -0.58555146],[-0.58554908 -0.00166779  0.81063523],[-2.84822589e-03  9.99995940e-01  2.04389380e-09]
1343,99919,36,"[1957.747725657783, 1615.038981575076, 281.11908646003263]",1.756206450487241e-06,0.1574965617235378,-0.0418620731044825,0.0001006232175768,9.023888274580385,-2.398520110554969,[-0.8942574  -0.00416063  0.44753367],[0.44752884 0.00208218 0.89426708],[-4.65255734e-03  9.99989179e-01  4.46754822e-09]
1349,20801,7,"[1914.366857362627, 2009.6109321667227, 265.0058651026393]",-0.0724629338586781,0.0905011304101247,-0.0993564996461,-4.151820281237889,5.185332813663216,-5.692708096914593,[0.13532567 0.00130928 0.99080031],[-0.99075393 -0.00958561  0.13533201],[-9.67461374e-03  9.99953198e-01 -2.56244398e-09]
1363,59603,21,"[1986.245792996997, 1786.5603912554736, 212.14682146871803]",-0.05449642926312,-0.0184150344642355,-0.054135216157738,-3.122415395310014,-1.0551037543886537,-3.1017194088668134,[-0.36537212 -0.00842435  0.93082342],[-0.9305761  -0.02145621 -0.36546923],[-2.30507858e-02  9.99734298e-01 -2.19191781e-09]
1367,52501,19,"[1987.297461000743, 1711.382697472429, 250.42635378373745]",0.0302294489632886,-0.0195353299647226,0.018430896663513,1.7320198426025684,-1.1192919583740597,1.056012591461048,[-0.99459672 -0.02449463 -0.10088297],[-0.10085239 -0.00248376  0.9948983 ],[-2.46202350e-02  9.99696875e-01 -1.50509788e-09]
1373,16309,5,"[1970.9209025691337, 1724.6156110123245, 230.9906799926421]",0.0892690070194279,-0.040321785334602,0.0745102875812772,5.1147373435369445,-2.310268122105196,4.26912500871321,[-0.98552288 -0.0282612   0.16717042],[0.16710173 0.00479187 0.98592801],[-2.86645699e-02  9.99589086e-01  1.25553687e-09]
1415,50882,18,"[2043.4897016626705, 1371.4647419519672, 221.39583742777407]",0.0273108623019249,0.095996227637886,-0.0072115169658162,1.5647971447632472,5.500178692827978,-0.4131894860282585,[0.43148209 0.0042456  0.90211151],[-0.90206784 -0.00887596  0.43150297],[-9.83910237e-03  9.99951593e-01 -4.81676212e-09]
1421,29006,10,"[2051.2196097359165, 1773.410535751224, 266.13186926842724]",0.0514696069180526,-0.021458667392303,0.0373775781529523,2.948991249601761,-1.2294910755539623,2.1415774765845654,[0.22499344 0.00566537 0.97434381],[-0.97403506 -0.02452632  0.22506476],[-2.51721477e-02  9.99683127e-01 -4.96371047e-09]
1433,98305,35,"[2116.4189613956564, 1566.130186663954, 207.0523472865063]",-0.1573596941981856,0.0306560236137349,-0.1569883894031796,-9.016046343025296,1.7564607697204035,-8.994772145358489,[-0.8871276  -0.01295875  0.46134228],[0.46129306 0.00673835 0.88722224],[-1.46059694e-02  9.99893324e-01  1.43886609e-10]
1449,73124,26,"[2143.0452929270828, 1486.6943958207976, 283.7045703189103]",0.0676651963091501,0.0436919540256733,0.0390113587463644,3.8769301684384914,2.5033645643507096,2.2351862092374475,[-0.93415555 -0.01489655  0.35655506],[0.35650973 0.0056851  0.93427431],[-1.59445106e-02  9.99872876e-01 -3.01505422e-09]
1460,51281,18,"[2149.599832296562, 1550.4772332832822, 248.75257892786803]",0.0494942449650568,-0.0240366246550866,0.0362441386157414,2.8358113466843804,-1.3771971464765578,2.0766361747691136,[-0.97987327 -0.02505865 -0.19804151],[-0.19797679 -0.00506293  0.98019364],[-2.55650065e-02  9.99673160e-01  1.69292410e-09]
1463,18095,6,"[2125.806797457861, 1545.2079027355624, 230.31865156120475]",0.0657387011600305,-0.0463476813065351,0.0554781583125445,3.766550127141528,-2.6555265290818397,3.178664326467427,[-0.99952192 -0.02948751 -0.00929598],[-9.29193013e-03 -2.74129065e-04  9.99956793e-01],[-2.94887951e-02  9.99565112e-01  3.57145479e-09]
1517,27285,9,"[2218.904892798241, 1616.7445849367784, 261.77540773318674]",0.0826193892414313,-0.0676651194754834,0.0748964829499736,4.7337423094825795,-3.876925766193672,4.291252373407019,[0.18149074 0.00608769 0.98337381],[-0.98282107 -0.0329665   0.1815928 ],[-3.35238756e-02  9.99437921e-01  1.00135817e-09]
1531,21448,7,"[2244.1382879522566, 1713.9627471092876, 238.78081872435658]",-0.050099447483737,-0.1104288614925667,-0.0181649596780609,-2.8704868967554376,-6.327107699958809,-1.0407755245782155,[2.50867245e-02 9.73930222e-04 9.99684809e-01],[-0.9989323  -0.03878107  0.02510561],[-3.87932992e-02  9.99247257e-01 -2.30711338e-09]
